1	default	pin_out_1	pin_in_1
8	66	24	
8	65	24	
8	64	24	
8	63	24	
8	62	24	
8	61	24	
8	60	24	
8	59	24	
8	58	24	
8	57	24	
8	56	24	
8	55	24	
8	54	24	
8	53	24	
8	52	24	
8	51	24	
8	50	24	
8	49	24	
8	48	24	
8	47	24	
8	46	24	
8	45	24	
8	44	24	
8	43	24	
8	42	24	
8	41	24	
8	40	24	
8	39	24	
8	38	24	
8	37	24	
8	36	24	
8	35	24	
8	34	24	
8	33	24	
8	32	24	
8	31	24	
8	30	24	
8	29	24	
8	28	24	
8	27	24	
8	26	24	
8	25	24	
8	24	24	
8	23	24	
8	22	24	
8	21	24	
8	20	24	
8	19	24	
8	18	24	
8	17	24	
8	16	24	
8	15	24	
8	14	24	
8	13	24	
8	12	24	
8	11	24	
8	10	24	
8	9	24	
8	8	24	
8	7	24	
8	6	24	
8	5	24	
8	4	24	
8	3	24	
8	2	24	
8	1	24	
8	0	24	
7	0	24	
7	0	25	
7	0	26	
7	0	27	
7	0	28	
7	0	29	
7	0	30	
7	0	31	
8	0	31	
0
2	default	pin_out_2	pin_in_2
9	0	31	
9	0	30	
9	0	29	
9	0	28	
9	0	27	
9	0	26	
9	0	25	
9	0	24	
9	0	23	
9	0	22	
9	0	21	
8	0	21	
8	1	21	
8	2	21	
8	3	21	
8	4	21	
8	5	21	
8	6	21	
8	7	21	
8	8	21	
8	9	21	
8	10	21	
8	11	21	
8	12	21	
8	13	21	
8	14	21	
8	15	21	
8	16	21	
8	17	21	
8	18	21	
8	19	21	
8	20	21	
8	21	21	
8	22	21	
8	23	21	
8	24	21	
8	25	21	
8	26	21	
8	27	21	
8	28	21	
8	29	21	
8	30	21	
8	31	21	
8	32	21	
8	33	21	
8	34	21	
8	35	21	
8	36	21	
8	37	21	
8	38	21	
8	39	21	
8	40	21	
8	41	21	
8	42	21	
8	43	21	
8	44	21	
8	45	21	
8	46	21	
8	47	21	
8	48	21	
8	49	21	
8	50	21	
8	51	21	
8	52	21	
8	53	21	
8	54	21	
8	55	21	
8	56	21	
8	57	21	
8	58	21	
8	59	21	
8	60	21	
8	61	21	
8	62	21	
8	63	21	
8	64	21	
8	65	21	
8	66	21	
9	66	21	
0
3	default	pin_out_3	pin_in_3
10	66	21	
0
4	default	pin_out_4	pin_in_4
7	83	49	
7	83	48	
7	83	47	
7	83	46	
7	83	45	
7	83	44	
7	83	43	
7	83	42	
7	83	41	
7	83	40	
7	83	39	
8	83	39	
8	82	39	
8	81	39	
8	80	39	
8	79	39	
8	78	39	
8	77	39	
8	76	39	
8	75	39	
8	74	39	
8	73	39	
8	72	39	
8	71	39	
8	70	39	
8	69	39	
8	68	39	
8	67	39	
8	66	39	
8	65	39	
8	64	39	
8	63	39	
8	62	39	
8	61	39	
8	60	39	
8	59	39	
8	58	39	
8	57	39	
0
5	default	pin_out_5	pin_in_5
7	55	22	
7	55	21	
7	55	20	
7	55	19	
7	55	18	
7	55	17	
7	55	16	
7	55	15	
7	55	14	
7	55	13	
7	55	12	
7	55	11	
7	55	10	
7	55	9	
7	55	8	
7	55	7	
7	55	6	
7	55	5	
7	55	4	
7	55	3	
7	55	2	
7	55	1	
7	55	0	
6	55	0	
6	56	0	
6	57	0	
6	58	0	
6	59	0	
6	60	0	
6	61	0	
6	62	0	
6	63	0	
6	64	0	
6	65	0	
6	66	0	
0
6	1w2s_shield	pin_out_6	pin_in_6
11	12	45	
11	12	46	
11	12	47	
11	12	48	
11	12	49	
11	12	50	
11	12	51	
11	12	52	
11	12	53	
11	12	54	
11	12	55	
11	12	56	
11	12	57	
11	12	58	
11	12	59	
11	12	60	
11	12	61	
11	12	62	
11	12	63	
11	12	64	
11	12	65	
11	12	66	
11	12	67	
11	12	68	
11	12	69	
11	12	70	
11	12	71	
11	12	72	
11	12	73	
11	12	74	
11	12	75	
11	12	76	
11	12	77	
11	12	78	
11	12	79	
11	12	80	
11	12	81	
11	12	82	
11	12	83	
11	12	84	
11	12	85	
11	12	86	
11	12	87	
10	12	87	
10	11	87	
10	10	87	
10	9	87	
10	8	87	
10	7	87	
10	6	87	
0
7	default	pin_out_7	pin_in_7
7	30	12	
7	30	13	
7	30	14	
8	30	14	
8	29	14	
8	28	14	
8	27	14	
8	26	14	
8	25	14	
8	24	14	
8	23	14	
8	22	14	
8	21	14	
8	20	14	
8	19	14	
8	18	14	
8	17	14	
8	16	14	
9	16	14	
0
8	1w2s_shield	pin_out_8	pin_in_8
11	41	25	
11	41	26	
11	41	27	
11	41	28	
11	41	29	
11	41	30	
11	41	31	
11	41	32	
11	41	33	
11	41	34	
11	41	35	
11	41	36	
11	41	37	
11	41	38	
11	41	39	
11	41	40	
11	41	41	
11	41	42	
11	41	43	
11	41	44	
11	41	45	
11	41	46	
11	41	47	
11	41	48	
11	41	49	
11	41	50	
11	41	51	
11	41	52	
11	41	53	
11	41	54	
11	41	55	
11	41	56	
11	41	57	
11	41	58	
11	41	59	
11	41	60	
11	41	61	
11	41	62	
11	41	63	
11	41	64	
11	41	65	
10	41	65	
10	40	65	
10	39	65	
10	38	65	
10	37	65	
10	36	65	
10	35	65	
10	34	65	
10	33	65	
10	32	65	
10	31	65	
10	30	65	
10	29	65	
10	28	65	
10	27	65	
10	26	65	
10	25	65	
10	24	65	
10	23	65	
10	22	65	
10	21	65	
10	20	65	
10	19	65	
10	18	65	
10	17	65	
10	16	65	
10	15	65	
10	14	65	
10	13	65	
10	12	65	
11	12	65	
0
9	default	pin_out_9	pin_in_9
6	61	5	
6	60	5	
6	59	5	
6	58	5	
6	57	5	
6	56	5	
6	55	5	
6	54	5	
6	53	5	
6	52	5	
6	51	5	
6	50	5	
6	49	5	
6	48	5	
6	47	5	
6	46	5	
6	45	5	
6	44	5	
6	43	5	
6	42	5	
6	41	5	
6	40	5	
6	39	5	
6	38	5	
6	37	5	
6	36	5	
6	35	5	
6	34	5	
6	33	5	
6	32	5	
6	31	5	
6	30	5	
6	29	5	
6	28	5	
6	27	5	
6	26	5	
6	25	5	
6	24	5	
6	23	5	
6	22	5	
6	21	5	
6	20	5	
6	19	5	
6	18	5	
6	17	5	
6	16	5	
6	15	5	
6	14	5	
6	13	5	
6	12	5	
6	11	5	
6	10	5	
6	9	5	
6	8	5	
6	7	5	
7	7	5	
7	7	6	
7	7	7	
7	7	8	
7	7	9	
7	7	10	
7	7	11	
7	7	12	
7	7	13	
7	7	14	
7	7	15	
7	7	16	
7	7	17	
7	7	18	
0
10	default	pin_out_10	pin_in_10
8	3	52	
8	4	52	
8	5	52	
8	6	52	
8	7	52	
8	8	52	
8	9	52	
8	10	52	
8	11	52	
8	12	52	
8	13	52	
8	14	52	
8	15	52	
8	16	52	
8	17	52	
8	18	52	
8	19	52	
8	20	52	
8	21	52	
8	22	52	
8	23	52	
8	24	52	
8	25	52	
8	26	52	
8	27	52	
8	28	52	
8	29	52	
8	30	52	
8	31	52	
8	32	52	
8	33	52	
8	34	52	
8	35	52	
8	36	52	
8	37	52	
8	38	52	
8	39	52	
8	40	52	
8	41	52	
8	42	52	
8	43	52	
8	44	52	
8	45	52	
8	46	52	
8	47	52	
8	48	52	
8	49	52	
8	50	52	
8	51	52	
8	52	52	
8	53	52	
8	54	52	
8	55	52	
8	56	52	
8	57	52	
8	58	52	
8	59	52	
8	60	52	
8	61	52	
8	62	52	
8	63	52	
8	64	52	
8	65	52	
8	66	52	
8	67	52	
8	68	52	
8	69	52	
8	70	52	
8	71	52	
8	72	52	
8	73	52	
8	74	52	
8	75	52	
8	76	52	
8	77	52	
8	78	52	
8	79	52	
8	80	52	
8	81	52	
8	82	52	
8	83	52	
8	84	52	
8	85	52	
8	86	52	
8	87	52	
9	87	52	
9	87	51	
9	87	50	
9	87	49	
9	87	48	
9	87	47	
9	87	46	
9	87	45	
9	87	44	
9	87	43	
9	87	42	
9	87	41	
9	87	40	
9	87	39	
9	87	38	
9	87	37	
9	87	36	
9	87	35	
9	87	34	
0
11	1w2s	pin_out_11	pin_in_11
9	42	3	
9	42	4	
9	42	5	
9	42	6	
9	42	7	
9	42	8	
9	42	9	
9	42	10	
9	42	11	
9	42	12	
9	42	13	
9	42	14	
9	42	15	
9	42	16	
9	42	17	
9	42	18	
9	42	19	
9	42	20	
9	42	21	
9	42	22	
9	42	23	
9	42	24	
9	42	25	
9	42	26	
9	42	27	
9	42	28	
9	42	29	
9	42	30	
9	42	31	
9	42	32	
9	42	33	
9	42	34	
9	42	35	
9	42	36	
9	42	37	
9	42	38	
9	42	39	
9	42	40	
9	42	41	
9	42	42	
9	42	43	
9	42	44	
9	42	45	
9	42	46	
9	42	47	
9	42	48	
9	42	49	
9	42	50	
9	42	51	
9	42	52	
9	42	53	
9	42	54	
9	42	55	
9	42	56	
9	42	57	
9	42	58	
9	42	59	
9	42	60	
9	42	61	
9	42	62	
9	42	63	
9	42	64	
9	42	65	
9	42	66	
9	42	67	
9	42	68	
9	42	69	
9	42	70	
9	42	71	
9	42	72	
9	42	73	
9	42	74	
9	42	75	
9	42	76	
9	42	77	
9	42	78	
9	42	79	
9	42	80	
9	42	81	
9	42	82	
8	42	82	
8	43	82	
8	44	82	
8	45	82	
8	46	82	
8	47	82	
8	48	82	
8	49	82	
8	50	82	
8	51	82	
8	52	82	
8	53	82	
8	54	82	
8	55	82	
8	56	82	
8	57	82	
8	58	82	
8	59	82	
8	60	82	
8	61	82	
8	62	82	
8	63	82	
8	64	82	
8	65	82	
8	66	82	
8	67	82	
8	68	82	
8	69	82	
8	70	82	
8	71	82	
8	72	82	
8	73	82	
8	74	82	
8	75	82	
8	76	82	
8	77	82	
8	78	82	
9	78	82	
0
12	1w2s	pin_out_12	pin_in_12
9	60	80	
9	60	79	
9	60	78	
9	60	77	
9	60	76	
9	60	75	
9	60	74	
9	60	73	
9	60	72	
9	60	71	
9	60	70	
9	60	69	
9	60	68	
9	60	67	
9	60	66	
9	60	65	
9	60	64	
9	60	63	
9	60	62	
9	60	61	
9	60	60	
9	60	59	
9	60	58	
9	60	57	
9	60	56	
9	60	55	
9	60	54	
9	60	53	
9	60	52	
9	60	51	
9	60	50	
9	60	49	
9	60	48	
9	60	47	
9	60	46	
9	60	45	
9	60	44	
9	60	43	
9	60	42	
9	60	41	
9	60	40	
9	60	39	
9	60	38	
9	60	37	
9	60	36	
9	60	35	
9	60	34	
9	60	33	
9	60	32	
9	60	31	
9	60	30	
9	60	29	
9	60	28	
9	60	27	
9	60	26	
9	60	25	
9	60	24	
9	60	23	
9	60	22	
9	60	21	
9	60	20	
9	60	19	
9	60	18	
8	60	18	
8	59	18	
8	58	18	
8	57	18	
8	56	18	
8	55	18	
8	54	18	
8	53	18	
8	52	18	
8	51	18	
8	50	18	
8	49	18	
8	48	18	
8	47	18	
8	46	18	
8	45	18	
8	44	18	
8	43	18	
8	42	18	
8	41	18	
8	40	18	
8	39	18	
8	38	18	
8	37	18	
8	36	18	
8	35	18	
8	34	18	
8	33	18	
8	32	18	
9	32	18	
0
13	default	pin_out_13	pin_in_13
7	91	96	
7	91	95	
7	91	94	
7	91	93	
7	91	92	
7	91	91	
7	91	90	
7	91	89	
7	91	88	
7	91	87	
7	91	86	
7	91	85	
7	91	84	
7	91	83	
7	91	82	
7	91	81	
7	91	80	
7	91	79	
7	91	78	
7	91	77	
7	91	76	
7	91	75	
7	91	74	
7	91	73	
7	91	72	
7	91	71	
7	91	70	
7	91	69	
7	91	68	
7	91	67	
7	91	66	
7	91	65	
7	91	64	
7	91	63	
7	91	62	
7	91	61	
7	91	60	
7	91	59	
7	91	58	
7	91	57	
7	91	56	
7	91	55	
7	91	54	
7	91	53	
7	91	52	
7	91	51	
7	91	50	
7	91	49	
7	91	48	
7	91	47	
7	91	46	
7	91	45	
7	91	44	
7	91	43	
7	91	42	
7	91	41	
7	91	40	
7	91	39	
7	91	38	
7	91	37	
7	91	36	
7	91	35	
7	91	34	
7	91	33	
7	91	32	
7	91	31	
7	91	30	
7	91	29	
7	91	28	
7	91	27	
7	91	26	
7	91	25	
7	91	24	
7	91	23	
7	91	22	
8	91	22	
8	90	22	
8	89	22	
8	88	22	
8	87	22	
8	86	22	
8	85	22	
8	84	22	
8	83	22	
8	82	22	
8	81	22	
8	80	22	
8	79	22	
8	78	22	
8	77	22	
8	76	22	
8	75	22	
8	74	22	
8	73	22	
8	72	22	
8	71	22	
8	70	22	
8	69	22	
8	68	22	
8	67	22	
8	66	22	
8	65	22	
8	64	22	
8	63	22	
8	62	22	
8	61	22	
8	60	22	
8	59	22	
8	58	22	
8	57	22	
8	56	22	
8	55	22	
8	54	22	
8	53	22	
8	52	22	
8	51	22	
8	50	22	
8	49	22	
8	48	22	
8	47	22	
8	46	22	
8	45	22	
8	44	22	
8	43	22	
8	42	22	
8	41	22	
8	40	22	
8	39	22	
8	38	22	
8	37	22	
8	36	22	
8	35	22	
8	34	22	
0
14	1w2s	pin_out_14	pin_in_14
9	3	10	
9	3	11	
9	3	12	
9	3	13	
9	3	14	
9	3	15	
9	3	16	
9	3	17	
9	3	18	
9	3	19	
9	3	20	
9	3	21	
9	3	22	
9	3	23	
9	3	24	
9	3	25	
9	3	26	
9	3	27	
9	3	28	
9	3	29	
9	3	30	
9	3	31	
9	3	32	
9	3	33	
9	3	34	
9	3	35	
9	3	36	
9	3	37	
9	3	38	
9	3	39	
9	3	40	
9	3	41	
9	3	42	
9	3	43	
9	3	44	
9	3	45	
9	3	46	
9	3	47	
9	3	48	
9	3	49	
9	3	50	
9	3	51	
9	3	52	
9	3	53	
9	3	54	
9	3	55	
9	3	56	
9	3	57	
9	3	58	
9	3	59	
9	3	60	
9	3	61	
9	3	62	
8	3	62	
8	4	62	
8	5	62	
8	6	62	
8	7	62	
8	8	62	
8	9	62	
8	10	62	
8	11	62	
8	12	62	
8	13	62	
8	14	62	
8	15	62	
8	16	62	
8	17	62	
8	18	62	
8	19	62	
8	20	62	
8	21	62	
8	22	62	
8	23	62	
9	23	62	
0
15	1w2s_shield	pin_out_15	pin_in_15
10	8	13	
10	9	13	
10	10	13	
10	11	13	
10	12	13	
10	13	13	
10	14	13	
10	15	13	
10	16	13	
10	17	13	
10	18	13	
10	19	13	
10	20	13	
10	21	13	
10	22	13	
10	23	13	
10	24	13	
10	25	13	
10	26	13	
10	27	13	
10	28	13	
10	29	13	
10	30	13	
10	31	13	
10	32	13	
10	33	13	
10	34	13	
10	35	13	
10	36	13	
10	37	13	
10	38	13	
10	39	13	
10	40	13	
10	41	13	
10	42	13	
10	43	13	
10	44	13	
10	45	13	
10	46	13	
10	47	13	
10	48	13	
10	49	13	
10	50	13	
10	51	13	
10	52	13	
10	53	13	
10	54	13	
10	55	13	
10	56	13	
10	57	13	
10	58	13	
10	59	13	
10	60	13	
10	61	13	
10	62	13	
10	63	13	
10	64	13	
10	65	13	
10	66	13	
10	67	13	
10	68	13	
10	69	13	
10	70	13	
10	71	13	
10	72	13	
10	73	13	
10	74	13	
10	75	13	
10	76	13	
10	77	13	
10	78	13	
9	78	13	
9	78	14	
9	78	15	
9	78	16	
9	78	17	
9	78	18	
9	78	19	
9	78	20	
9	78	21	
9	78	22	
9	78	23	
9	78	24	
9	78	25	
9	78	26	
9	78	27	
9	78	28	
9	78	29	
9	78	30	
9	78	31	
9	78	32	
10	78	32	
0
16	1w2s	pin_out_16	pin_in_16
9	38	70	
9	38	71	
9	38	72	
9	38	73	
9	38	74	
9	38	75	
9	38	76	
9	38	77	
9	38	78	
9	38	79	
9	38	80	
9	38	81	
9	38	82	
9	38	83	
9	38	84	
9	38	85	
9	38	86	
9	38	87	
9	38	88	
8	38	88	
8	39	88	
8	40	88	
8	41	88	
9	41	88	
0
17	1w2s	pin_out_17	pin_in_17
9	53	14	
9	53	15	
9	53	16	
9	53	17	
9	53	18	
9	53	19	
9	53	20	
9	53	21	
9	53	22	
9	53	23	
9	53	24	
9	53	25	
9	53	26	
9	53	27	
9	53	28	
9	53	29	
9	53	30	
9	53	31	
9	53	32	
9	53	33	
9	53	34	
9	53	35	
9	53	36	
9	53	37	
9	53	38	
9	53	39	
9	53	40	
9	53	41	
9	53	42	
9	53	43	
9	53	44	
9	53	45	
9	53	46	
9	53	47	
9	53	48	
9	53	49	
9	53	50	
9	53	51	
9	53	52	
9	53	53	
9	53	54	
9	53	55	
9	53	56	
9	53	57	
9	53	58	
8	53	58	
8	52	58	
8	51	58	
8	50	58	
8	49	58	
8	48	58	
8	47	58	
8	46	58	
8	45	58	
8	44	58	
8	43	58	
8	42	58	
8	41	58	
8	40	58	
8	39	58	
8	38	58	
8	37	58	
8	36	58	
8	35	58	
8	34	58	
8	33	58	
8	32	58	
8	31	58	
8	30	58	
8	29	58	
8	28	58	
9	28	58	
0
18	default	pin_out_18	pin_in_18
7	22	0	
7	22	1	
7	22	2	
7	22	3	
7	22	4	
7	22	5	
7	22	6	
7	22	7	
7	22	8	
7	22	9	
7	22	10	
7	22	11	
7	22	12	
7	22	13	
7	22	14	
7	22	15	
7	22	16	
7	22	17	
7	22	18	
7	22	19	
7	22	20	
7	22	21	
7	22	22	
7	22	23	
7	22	24	
7	22	25	
7	22	26	
7	22	27	
7	22	28	
7	22	29	
7	22	30	
7	22	31	
7	22	32	
7	22	33	
7	22	34	
7	22	35	
7	22	36	
7	22	37	
7	22	38	
7	22	39	
7	22	40	
7	22	41	
7	22	42	
7	22	43	
7	22	44	
7	22	45	
7	22	46	
7	22	47	
7	22	48	
7	22	49	
7	22	50	
7	22	51	
7	22	52	
7	22	53	
7	22	54	
7	22	55	
7	22	56	
7	22	57	
7	22	58	
7	22	59	
7	22	60	
7	22	61	
7	22	62	
7	22	63	
7	22	64	
7	22	65	
7	22	66	
7	22	67	
7	22	68	
7	22	69	
7	22	70	
7	22	71	
7	22	72	
7	22	73	
7	22	74	
7	22	75	
7	22	76	
7	22	77	
7	22	78	
7	22	79	
7	22	80	
8	22	80	
8	21	80	
8	20	80	
8	19	80	
8	18	80	
8	17	80	
8	16	80	
8	15	80	
8	14	80	
8	13	80	
8	12	80	
8	11	80	
0
19	1w2s	pin_out_19	pin_in_19
9	17	24	
9	17	25	
9	17	26	
9	17	27	
9	17	28	
9	17	29	
9	17	30	
9	17	31	
9	17	32	
9	17	33	
9	17	34	
9	17	35	
9	17	36	
9	17	37	
9	17	38	
9	17	39	
9	17	40	
9	17	41	
9	17	42	
9	17	43	
9	17	44	
9	17	45	
9	17	46	
9	17	47	
9	17	48	
9	17	49	
9	17	50	
9	17	51	
9	17	52	
9	17	53	
9	17	54	
9	17	55	
9	17	56	
9	17	57	
9	17	58	
9	17	59	
9	17	60	
9	17	61	
9	17	62	
9	17	63	
9	17	64	
9	17	65	
9	17	66	
9	17	67	
9	17	68	
9	17	69	
9	17	70	
9	17	71	
9	17	72	
8	17	72	
8	18	72	
8	19	72	
8	20	72	
8	21	72	
8	22	72	
8	23	72	
8	24	72	
8	25	72	
8	26	72	
8	27	72	
8	28	72	
8	29	72	
8	30	72	
8	31	72	
8	32	72	
8	33	72	
8	34	72	
8	35	72	
0
20	1w2s	pin_out_20	pin_in_20
9	49	37	
9	49	38	
9	49	39	
9	49	40	
9	49	41	
9	49	42	
9	49	43	
9	49	44	
9	49	45	
9	49	46	
9	49	47	
9	49	48	
9	49	49	
9	49	50	
9	49	51	
9	49	52	
9	49	53	
9	49	54	
9	49	55	
9	49	56	
9	49	57	
9	49	58	
9	49	59	
9	49	60	
9	49	61	
9	49	62	
9	49	63	
9	49	64	
9	49	65	
9	49	66	
9	49	67	
9	49	68	
9	49	69	
9	49	70	
9	49	71	
9	49	72	
9	49	73	
9	49	74	
9	49	75	
9	49	76	
9	49	77	
9	49	78	
9	49	79	
9	49	80	
9	49	81	
9	49	82	
9	49	83	
9	49	84	
9	49	85	
8	49	85	
8	50	85	
8	51	85	
8	52	85	
8	53	85	
8	54	85	
8	55	85	
8	56	85	
8	57	85	
8	58	85	
8	59	85	
8	60	85	
8	61	85	
8	62	85	
8	63	85	
8	64	85	
8	65	85	
8	66	85	
8	67	85	
8	68	85	
8	69	85	
8	70	85	
8	71	85	
8	72	85	
8	73	85	
8	74	85	
9	74	85	
0
21	default	pin_out_21	pin_in_21
7	38	40	
7	38	41	
7	38	42	
7	38	43	
7	38	44	
7	38	45	
7	38	46	
7	38	47	
7	38	48	
7	38	49	
7	38	50	
7	38	51	
7	38	52	
7	38	53	
7	38	54	
7	38	55	
7	38	56	
7	38	57	
7	38	58	
7	38	59	
7	38	60	
7	38	61	
7	38	62	
7	38	63	
7	38	64	
7	38	65	
7	38	66	
7	38	67	
7	38	68	
7	38	69	
8	38	69	
8	39	69	
8	40	69	
8	41	69	
8	42	69	
8	43	69	
8	44	69	
8	45	69	
8	46	69	
8	47	69	
8	48	69	
8	49	69	
8	50	69	
8	51	69	
8	52	69	
8	53	69	
8	54	69	
8	55	69	
8	56	69	
8	57	69	
8	58	69	
8	59	69	
8	60	69	
8	61	69	
8	62	69	
8	63	69	
8	64	69	
8	65	69	
8	66	69	
8	67	69	
8	68	69	
8	69	69	
8	70	69	
8	71	69	
8	72	69	
8	73	69	
8	74	69	
8	75	69	
8	76	69	
8	77	69	
8	78	69	
8	79	69	
8	80	69	
8	81	69	
8	82	69	
8	83	69	
8	84	69	
8	85	69	
0
22	default	pin_out_22	pin_in_22
8	52	12	
8	53	12	
8	54	12	
8	55	12	
8	56	12	
8	57	12	
8	58	12	
8	59	12	
8	60	12	
8	61	12	
8	62	12	
8	63	12	
8	64	12	
8	65	12	
8	66	12	
8	67	12	
8	68	12	
8	69	12	
8	70	12	
8	71	12	
8	72	12	
8	73	12	
8	74	12	
8	75	12	
8	76	12	
8	77	12	
8	78	12	
8	79	12	
8	80	12	
8	81	12	
8	82	12	
8	83	12	
8	84	12	
8	85	12	
8	86	12	
8	87	12	
7	87	12	
7	87	13	
7	87	14	
7	87	15	
7	87	16	
7	87	17	
7	87	18	
7	87	19	
7	87	20	
7	87	21	
7	87	22	
7	87	23	
7	87	24	
7	87	25	
7	87	26	
7	87	27	
7	87	28	
7	87	29	
7	87	30	
7	87	31	
7	87	32	
7	87	33	
7	87	34	
7	87	35	
7	87	36	
7	87	37	
7	87	38	
7	87	39	
7	87	40	
7	87	41	
7	87	42	
7	87	43	
7	87	44	
7	87	45	
7	87	46	
7	87	47	
7	87	48	
7	87	49	
7	87	50	
7	87	51	
7	87	52	
7	87	53	
7	87	54	
7	87	55	
7	87	56	
8	87	56	
0
23	1w2s	pin_out_23	pin_in_23
9	61	58	
9	61	57	
9	61	56	
9	61	55	
9	61	54	
9	61	53	
9	61	52	
9	61	51	
9	61	50	
9	61	49	
9	61	48	
9	61	47	
9	61	46	
9	61	45	
9	61	44	
9	61	43	
9	61	42	
8	61	42	
8	62	42	
8	63	42	
8	64	42	
8	65	42	
8	66	42	
8	67	42	
8	68	42	
8	69	42	
8	70	42	
8	71	42	
8	72	42	
8	73	42	
8	74	42	
8	75	42	
8	76	42	
8	77	42	
8	78	42	
8	79	42	
8	80	42	
8	81	42	
0
24	1w2s_shield	pin_out_24	pin_in_24
11	0	49	
11	0	50	
11	0	51	
11	0	52	
11	0	53	
11	0	54	
11	0	55	
11	0	56	
11	0	57	
11	0	58	
11	0	59	
11	0	60	
11	0	61	
11	0	62	
11	0	63	
11	0	64	
10	0	64	
10	1	64	
10	2	64	
10	3	64	
10	4	64	
10	5	64	
10	6	64	
10	7	64	
10	8	64	
10	9	64	
10	10	64	
10	11	64	
10	12	64	
10	13	64	
10	14	64	
10	15	64	
10	16	64	
10	17	64	
10	18	64	
10	19	64	
10	20	64	
10	21	64	
10	22	64	
10	23	64	
10	24	64	
10	25	64	
10	26	64	
10	27	64	
10	28	64	
10	29	64	
10	30	64	
10	31	64	
10	32	64	
10	33	64	
10	34	64	
10	35	64	
10	36	64	
10	37	64	
10	38	64	
10	39	64	
10	40	64	
10	41	64	
10	42	64	
10	43	64	
10	44	64	
10	45	64	
10	46	64	
10	47	64	
10	48	64	
10	49	64	
10	50	64	
10	51	64	
10	52	64	
10	53	64	
10	54	64	
10	55	64	
10	56	64	
10	57	64	
10	58	64	
10	59	64	
10	60	64	
10	61	64	
10	62	64	
10	63	64	
10	64	64	
10	65	64	
10	66	64	
11	66	64	
0
25	1w2s_shield	pin_out_25	pin_in_25
10	5	49	
10	6	49	
11	6	49	
11	6	48	
11	6	47	
11	6	46	
11	6	45	
11	6	44	
11	6	43	
11	6	42	
11	6	41	
11	6	40	
11	6	39	
11	6	38	
11	6	37	
11	6	36	
11	6	35	
11	6	34	
11	6	33	
11	6	32	
11	6	31	
11	6	30	
11	6	29	
11	6	28	
11	6	27	
11	6	26	
11	6	25	
11	6	24	
11	6	23	
11	6	22	
11	6	21	
11	6	20	
11	6	19	
11	6	18	
11	6	17	
11	6	16	
11	6	15	
11	6	14	
11	6	13	
11	6	12	
11	6	11	
11	6	10	
11	6	9	
11	6	8	
11	6	7	
11	6	6	
11	6	5	
11	6	4	
11	6	3	
11	6	2	
0
26	1w2s	pin_out_26	pin_in_26
8	15	87	
8	16	87	
7	16	87	
7	16	86	
7	16	85	
7	16	84	
7	16	83	
7	16	82	
7	16	81	
7	16	80	
7	16	79	
7	16	78	
7	16	77	
7	16	76	
7	16	75	
7	16	74	
7	16	73	
7	16	72	
7	16	71	
7	16	70	
7	16	69	
7	16	68	
7	16	67	
7	16	66	
7	16	65	
7	16	64	
7	16	63	
7	16	62	
7	16	61	
7	16	60	
7	16	59	
7	16	58	
7	16	57	
7	16	56	
7	16	55	
7	16	54	
7	16	53	
7	16	52	
7	16	51	
7	16	50	
7	16	49	
7	16	48	
7	16	47	
7	16	46	
7	16	45	
7	16	44	
7	16	43	
7	16	42	
7	16	41	
7	16	40	
7	16	39	
7	16	38	
7	16	37	
7	16	36	
7	16	35	
7	16	34	
7	16	33	
7	16	32	
7	16	31	
7	16	30	
7	16	29	
7	16	28	
7	16	27	
8	16	27	
0
27	default	pin_out_27	pin_in_27
8	28	21	
8	29	21	
8	30	21	
8	31	21	
8	32	21	
8	33	21	
8	34	21	
8	35	21	
8	36	21	
8	37	21	
8	38	21	
8	39	21	
8	40	21	
8	41	21	
8	42	21	
8	43	21	
8	44	21	
8	45	21	
8	46	21	
8	47	21	
8	48	21	
8	49	21	
8	50	21	
8	51	21	
8	52	21	
8	53	21	
8	54	21	
8	55	21	
8	56	21	
8	57	21	
8	58	21	
7	58	21	
7	58	22	
7	58	23	
7	58	24	
7	58	25	
7	58	26	
7	58	27	
7	58	28	
7	58	29	
7	58	30	
7	58	31	
7	58	32	
7	58	33	
7	58	34	
7	58	35	
7	58	36	
7	58	37	
7	58	38	
7	58	39	
7	58	40	
7	58	41	
7	58	42	
7	58	43	
7	58	44	
7	58	45	
7	58	46	
7	58	47	
7	58	48	
7	58	49	
7	58	50	
7	58	51	
7	58	52	
7	58	53	
7	58	54	
7	58	55	
8	58	55	
0
28	1w2s_shield	pin_out_28	pin_in_28
11	31	68	
11	31	69	
10	31	69	
10	32	69	
10	33	69	
10	34	69	
10	35	69	
10	36	69	
10	37	69	
10	38	69	
10	39	69	
10	40	69	
10	41	69	
10	42	69	
10	43	69	
10	44	69	
10	45	69	
10	46	69	
10	47	69	
10	48	69	
10	49	69	
10	50	69	
10	51	69	
10	52	69	
10	53	69	
10	54	69	
10	55	69	
10	56	69	
10	57	69	
10	58	69	
10	59	69	
10	60	69	
10	61	69	
10	62	69	
10	63	69	
10	64	69	
10	65	69	
10	66	69	
10	67	69	
10	68	69	
10	69	69	
10	70	69	
10	71	69	
10	72	69	
10	73	69	
10	74	69	
10	75	69	
10	76	69	
10	77	69	
10	78	69	
10	79	69	
10	80	69	
10	81	69	
10	82	69	
10	83	69	
10	84	69	
10	85	69	
10	86	69	
10	87	69	
10	88	69	
10	89	69	
10	90	69	
10	91	69	
11	91	69	
0
29	default	pin_out_29	pin_in_29
7	29	48	
7	29	49	
7	29	50	
7	29	51	
7	29	52	
7	29	53	
7	29	54	
7	29	55	
6	29	55	
6	30	55	
6	31	55	
6	32	55	
6	33	55	
6	34	55	
6	35	55	
6	36	55	
6	37	55	
6	38	55	
6	39	55	
6	40	55	
6	41	55	
6	42	55	
6	43	55	
6	44	55	
6	45	55	
7	45	55	
0
30	default	pin_out_30	pin_in_30
8	14	76	
8	15	76	
8	16	76	
8	17	76	
8	18	76	
8	19	76	
8	20	76	
8	21	76	
8	22	76	
8	23	76	
8	24	76	
8	25	76	
8	26	76	
8	27	76	
8	28	76	
8	29	76	
8	30	76	
8	31	76	
8	32	76	
8	33	76	
8	34	76	
8	35	76	
8	36	76	
8	37	76	
8	38	76	
7	38	76	
7	38	77	
7	38	78	
7	38	79	
7	38	80	
7	38	81	
7	38	82	
7	38	83	
7	38	84	
7	38	85	
7	38	86	
7	38	87	
7	38	88	
7	38	89	
7	38	90	
7	38	91	
7	38	92	
0
31	default	pin_out_31	pin_in_31
6	90	73	
6	89	73	
6	88	73	
6	87	73	
6	86	73	
6	85	73	
6	84	73	
6	83	73	
6	82	73	
6	81	73	
6	80	73	
6	79	73	
6	78	73	
6	77	73	
6	76	73	
6	75	73	
6	74	73	
6	73	73	
6	72	73	
6	71	73	
6	70	73	
6	69	73	
6	68	73	
6	67	73	
6	66	73	
6	65	73	
6	64	73	
6	63	73	
6	62	73	
6	61	73	
6	60	73	
6	59	73	
6	58	73	
6	57	73	
6	56	73	
6	55	73	
6	54	73	
6	53	73	
7	53	73	
7	53	72	
7	53	71	
7	53	70	
7	53	69	
7	53	68	
7	53	67	
7	53	66	
7	53	65	
7	53	64	
7	53	63	
7	53	62	
7	53	61	
7	53	60	
7	53	59	
7	53	58	
7	53	57	
7	53	56	
7	53	55	
7	53	54	
7	53	53	
7	53	52	
7	53	51	
7	53	50	
7	53	49	
7	53	48	
7	53	47	
7	53	46	
7	53	45	
7	53	44	
7	53	43	
7	53	42	
7	53	41	
7	53	40	
7	53	39	
7	53	38	
7	53	37	
8	53	37	
0
32	1w2s_shield	pin_out_32	pin_in_32
10	84	5	
10	83	5	
10	82	5	
10	81	5	
10	80	5	
10	79	5	
10	78	5	
10	77	5	
10	76	5	
10	75	5	
10	74	5	
10	73	5	
10	72	5	
10	71	5	
10	70	5	
10	69	5	
10	68	5	
10	67	5	
10	66	5	
10	65	5	
10	64	5	
10	63	5	
10	62	5	
10	61	5	
10	60	5	
10	59	5	
10	58	5	
10	57	5	
10	56	5	
10	55	5	
10	54	5	
10	53	5	
10	52	5	
10	51	5	
10	50	5	
10	49	5	
10	48	5	
10	47	5	
10	46	5	
10	45	5	
10	44	5	
10	43	5	
10	42	5	
10	41	5	
10	40	5	
10	39	5	
10	38	5	
10	37	5	
10	36	5	
10	35	5	
10	34	5	
10	33	5	
10	32	5	
10	31	5	
10	30	5	
10	29	5	
10	28	5	
10	27	5	
10	26	5	
10	25	5	
10	24	5	
10	23	5	
10	22	5	
10	21	5	
10	20	5	
10	19	5	
10	18	5	
10	17	5	
10	16	5	
10	15	5	
10	14	5	
10	13	5	
10	12	5	
10	11	5	
10	10	5	
10	9	5	
10	8	5	
10	7	5	
10	6	5	
10	5	5	
11	5	5	
11	5	6	
11	5	7	
11	5	8	
11	5	9	
11	5	10	
11	5	11	
11	5	12	
11	5	13	
11	5	14	
11	5	15	
11	5	16	
11	5	17	
11	5	18	
11	5	19	
11	5	20	
11	5	21	
11	5	22	
11	5	23	
11	5	24	
11	5	25	
11	5	26	
11	5	27	
11	5	28	
11	5	29	
0
33	default	pin_out_33	pin_in_33
6	8	60	
7	8	60	
7	8	59	
7	8	58	
7	8	57	
7	8	56	
7	8	55	
7	8	54	
7	8	53	
6	8	53	
6	9	53	
6	10	53	
6	11	53	
6	12	53	
6	13	53	
6	14	53	
6	15	53	
6	16	53	
6	17	53	
6	18	53	
6	19	53	
6	20	53	
6	21	53	
6	22	53	
6	23	53	
6	24	53	
6	25	53	
6	26	53	
6	27	53	
6	28	53	
6	29	53	
6	30	53	
6	31	53	
6	32	53	
6	33	53	
6	34	53	
6	35	53	
6	36	53	
6	37	53	
6	38	53	
6	39	53	
6	40	53	
6	41	53	
6	42	53	
6	43	53	
6	44	53	
6	45	53	
6	46	53	
6	47	53	
6	48	53	
6	49	53	
0
34	default	pin_out_34	pin_in_34
8	37	45	
8	36	45	
8	35	45	
8	34	45	
8	33	45	
8	32	45	
8	31	45	
8	30	45	
8	29	45	
8	28	45	
8	27	45	
8	26	45	
8	25	45	
8	24	45	
8	23	45	
8	22	45	
8	21	45	
8	20	45	
8	19	45	
8	18	45	
8	17	45	
8	16	45	
8	15	45	
8	14	45	
8	13	45	
8	12	45	
8	11	45	
8	10	45	
8	9	45	
8	8	45	
7	8	45	
7	8	44	
7	8	43	
7	8	42	
7	8	41	
7	8	40	
7	8	39	
7	8	38	
7	8	37	
7	8	36	
7	8	35	
7	8	34	
7	8	33	
7	8	32	
7	8	31	
7	8	30	
7	8	29	
7	8	28	
7	8	27	
7	8	26	
7	8	25	
7	8	24	
7	8	23	
7	8	22	
7	8	21	
7	8	20	
7	8	19	
7	8	18	
7	8	17	
7	8	16	
7	8	15	
7	8	14	
7	8	13	
8	8	13	
0
35	1w2s_shield	pin_out_35	pin_in_35
11	72	85	
11	72	84	
11	72	83	
11	72	82	
11	72	81	
11	72	80	
11	72	79	
11	72	78	
11	72	77	
11	72	76	
11	72	75	
11	72	74	
11	72	73	
11	72	72	
11	72	71	
11	72	70	
11	72	69	
11	72	68	
11	72	67	
11	72	66	
11	72	65	
11	72	64	
11	72	63	
11	72	62	
11	72	61	
11	72	60	
11	72	59	
11	72	58	
11	72	57	
11	72	56	
11	72	55	
11	72	54	
11	72	53	
11	72	52	
11	72	51	
11	72	50	
11	72	49	
11	72	48	
11	72	47	
11	72	46	
11	72	45	
11	72	44	
11	72	43	
11	72	42	
11	72	41	
11	72	40	
11	72	39	
11	72	38	
11	72	37	
11	72	36	
11	72	35	
11	72	34	
11	72	33	
11	72	32	
11	72	31	
11	72	30	
11	72	29	
11	72	28	
11	72	27	
11	72	26	
11	72	25	
11	72	24	
11	72	23	
11	72	22	
11	72	21	
11	72	20	
11	72	19	
11	72	18	
11	72	17	
11	72	16	
10	72	16	
10	73	16	
10	74	16	
10	75	16	
10	76	16	
10	77	16	
11	77	16	
0
36	1w2s_shield	pin_out_36	pin_in_36
11	67	54	
11	67	53	
11	67	52	
11	67	51	
11	67	50	
11	67	49	
11	67	48	
11	67	47	
11	67	46	
11	67	45	
11	67	44	
10	67	44	
10	66	44	
10	65	44	
10	64	44	
10	63	44	
10	62	44	
10	61	44	
10	60	44	
10	59	44	
10	58	44	
10	57	44	
10	56	44	
10	55	44	
10	54	44	
10	53	44	
10	52	44	
10	51	44	
10	50	44	
10	49	44	
10	48	44	
10	47	44	
10	46	44	
10	45	44	
10	44	44	
10	43	44	
10	42	44	
10	41	44	
10	40	44	
10	39	44	
10	38	44	
10	37	44	
10	36	44	
10	35	44	
10	34	44	
10	33	44	
10	32	44	
10	31	44	
10	30	44	
10	29	44	
10	28	44	
10	27	44	
10	26	44	
10	25	44	
10	24	44	
10	23	44	
10	22	44	
10	21	44	
10	20	44	
10	19	44	
10	18	44	
10	17	44	
10	16	44	
10	15	44	
10	14	44	
10	13	44	
10	12	44	
10	11	44	
10	10	44	
11	10	44	
0
37	1w2s_shield	pin_out_37	pin_in_37
11	9	31	
11	9	32	
11	9	33	
11	9	34	
11	9	35	
11	9	36	
11	9	37	
11	9	38	
11	9	39	
11	9	40	
11	9	41	
10	9	41	
10	10	41	
10	11	41	
10	12	41	
10	13	41	
10	14	41	
10	15	41	
10	16	41	
10	17	41	
10	18	41	
10	19	41	
10	20	41	
10	21	41	
10	22	41	
10	23	41	
10	24	41	
10	25	41	
10	26	41	
10	27	41	
10	28	41	
10	29	41	
10	30	41	
10	31	41	
10	32	41	
10	33	41	
10	34	41	
10	35	41	
10	36	41	
10	37	41	
10	38	41	
10	39	41	
10	40	41	
10	41	41	
10	42	41	
10	43	41	
10	44	41	
10	45	41	
10	46	41	
10	47	41	
10	48	41	
10	49	41	
10	50	41	
10	51	41	
10	52	41	
10	53	41	
10	54	41	
10	55	41	
10	56	41	
10	57	41	
10	58	41	
10	59	41	
10	60	41	
10	61	41	
10	62	41	
10	63	41	
10	64	41	
10	65	41	
10	66	41	
10	67	41	
10	68	41	
10	69	41	
10	70	41	
10	71	41	
10	72	41	
10	73	41	
10	74	41	
10	75	41	
10	76	41	
10	77	41	
10	78	41	
10	79	41	
10	80	41	
10	81	41	
10	82	41	
10	83	41	
10	84	41	
10	85	41	
10	86	41	
10	87	41	
10	88	41	
10	89	41	
10	90	41	
10	91	41	
11	91	41	
0
38	1w2s	pin_out_38	pin_in_38
9	36	67	
9	36	66	
9	36	65	
9	36	64	
9	36	63	
9	36	62	
9	36	61	
9	36	60	
9	36	59	
9	36	58	
9	36	57	
9	36	56	
9	36	55	
9	36	54	
9	36	53	
9	36	52	
9	36	51	
9	36	50	
9	36	49	
9	36	48	
9	36	47	
9	36	46	
9	36	45	
9	36	44	
9	36	43	
9	36	42	
9	36	41	
9	36	40	
9	36	39	
9	36	38	
9	36	37	
9	36	36	
9	36	35	
9	36	34	
9	36	33	
8	36	33	
8	37	33	
8	38	33	
8	39	33	
8	40	33	
8	41	33	
8	42	33	
8	43	33	
9	43	33	
0
39	default	pin_out_39	pin_in_39
6	31	95	
6	32	95	
6	33	95	
6	34	95	
6	35	95	
6	36	95	
6	37	95	
6	38	95	
6	39	95	
6	40	95	
6	41	95	
6	42	95	
6	43	95	
6	44	95	
6	45	95	
6	46	95	
6	47	95	
6	48	95	
6	49	95	
6	50	95	
6	51	95	
6	52	95	
6	53	95	
6	54	95	
6	55	95	
6	56	95	
6	57	95	
6	58	95	
6	59	95	
6	60	95	
6	61	95	
6	62	95	
6	63	95	
6	64	95	
6	65	95	
6	66	95	
6	67	95	
6	68	95	
6	69	95	
6	70	95	
6	71	95	
6	72	95	
6	73	95	
6	74	95	
6	75	95	
7	75	95	
7	75	94	
7	75	93	
7	75	92	
7	75	91	
7	75	90	
7	75	89	
7	75	88	
7	75	87	
7	75	86	
7	75	85	
7	75	84	
7	75	83	
7	75	82	
7	75	81	
7	75	80	
7	75	79	
8	75	79	
0
40	1w2s	pin_out_40	pin_in_40
9	84	80	
9	84	79	
9	84	78	
9	84	77	
9	84	76	
9	84	75	
9	84	74	
9	84	73	
9	84	72	
9	84	71	
9	84	70	
9	84	69	
9	84	68	
9	84	67	
9	84	66	
9	84	65	
9	84	64	
9	84	63	
9	84	62	
9	84	61	
9	84	60	
9	84	59	
9	84	58	
9	84	57	
9	84	56	
9	84	55	
9	84	54	
9	84	53	
9	84	52	
9	84	51	
9	84	50	
9	84	49	
9	84	48	
9	84	47	
9	84	46	
9	84	45	
9	84	44	
9	84	43	
9	84	42	
9	84	41	
9	84	40	
9	84	39	
9	84	38	
9	84	37	
9	84	36	
9	84	35	
9	84	34	
9	84	33	
9	84	32	
9	84	31	
9	84	30	
9	84	29	
9	84	28	
9	84	27	
9	84	26	
9	84	25	
9	84	24	
9	84	23	
9	84	22	
9	84	21	
9	84	20	
9	84	19	
9	84	18	
9	84	17	
9	84	16	
9	84	15	
9	84	14	
9	84	13	
9	84	12	
9	84	11	
9	84	10	
9	84	9	
9	84	8	
9	84	7	
9	84	6	
9	84	5	
8	84	5	
8	83	5	
8	82	5	
8	81	5	
8	80	5	
8	79	5	
8	78	5	
8	77	5	
8	76	5	
8	75	5	
8	74	5	
8	73	5	
8	72	5	
8	71	5	
8	70	5	
8	69	5	
8	68	5	
8	67	5	
8	66	5	
8	65	5	
8	64	5	
8	63	5	
8	62	5	
8	61	5	
8	60	5	
8	59	5	
8	58	5	
8	57	5	
8	56	5	
8	55	5	
8	54	5	
8	53	5	
8	52	5	
8	51	5	
8	50	5	
8	49	5	
8	48	5	
8	47	5	
8	46	5	
8	45	5	
8	44	5	
8	43	5	
8	42	5	
8	41	5	
8	40	5	
8	39	5	
8	38	5	
8	37	5	
8	36	5	
8	35	5	
8	34	5	
8	33	5	
8	32	5	
8	31	5	
8	30	5	
8	29	5	
8	28	5	
8	27	5	
8	26	5	
8	25	5	
8	24	5	
8	23	5	
8	22	5	
8	21	5	
8	20	5	
8	19	5	
8	18	5	
8	17	5	
8	16	5	
8	15	5	
8	14	5	
0
41	default	pin_out_41	pin_in_41
6	33	46	
6	32	46	
6	31	46	
6	30	46	
6	29	46	
6	28	46	
6	27	46	
6	26	46	
6	25	46	
6	24	46	
6	23	46	
6	22	46	
6	21	46	
6	20	46	
6	19	46	
6	18	46	
6	17	46	
6	16	46	
6	15	46	
6	14	46	
7	14	46	
7	14	47	
7	14	48	
7	14	49	
7	14	50	
7	14	51	
7	14	52	
7	14	53	
7	14	54	
7	14	55	
7	14	56	
7	14	57	
7	14	58	
7	14	59	
7	14	60	
7	14	61	
7	14	62	
7	14	63	
7	14	64	
7	14	65	
7	14	66	
7	14	67	
7	14	68	
7	14	69	
7	14	70	
7	14	71	
7	14	72	
7	14	73	
7	14	74	
7	14	75	
7	14	76	
7	14	77	
7	14	78	
7	14	79	
7	14	80	
7	14	81	
7	14	82	
7	14	83	
7	14	84	
7	14	85	
7	14	86	
7	14	87	
7	14	88	
7	14	89	
7	14	90	
7	14	91	
7	14	92	
7	14	93	
7	14	94	
8	14	94	
0
42	default	pin_out_42	pin_in_42
8	39	60	
7	39	60	
7	39	61	
7	39	62	
7	39	63	
7	39	64	
7	39	65	
7	39	66	
7	39	67	
7	39	68	
7	39	69	
7	39	70	
7	39	71	
7	39	72	
7	39	73	
7	39	74	
7	39	75	
7	39	76	
6	39	76	
6	40	76	
6	41	76	
6	42	76	
6	43	76	
6	44	76	
6	45	76	
6	46	76	
6	47	76	
6	48	76	
6	49	76	
6	50	76	
6	51	76	
6	52	76	
6	53	76	
6	54	76	
6	55	76	
6	56	76	
6	57	76	
6	58	76	
6	59	76	
6	60	76	
6	61	76	
6	62	76	
6	63	76	
6	64	76	
0
43	default	pin_out_43	pin_in_43
7	75	84	
7	75	83	
7	75	82	
7	75	81	
7	75	80	
7	75	79	
7	75	78	
7	75	77	
7	75	76	
7	75	75	
7	75	74	
7	75	73	
7	75	72	
7	75	71	
7	75	70	
7	75	69	
7	75	68	
7	75	67	
7	75	66	
7	75	65	
7	75	64	
7	75	63	
7	75	62	
7	75	61	
7	75	60	
7	75	59	
7	75	58	
7	75	57	
7	75	56	
7	75	55	
7	75	54	
7	75	53	
7	75	52	
7	75	51	
7	75	50	
7	75	49	
7	75	48	
7	75	47	
7	75	46	
7	75	45	
7	75	44	
7	75	43	
7	75	42	
7	75	41	
7	75	40	
7	75	39	
7	75	38	
7	75	37	
7	75	36	
7	75	35	
7	75	34	
7	75	33	
7	75	32	
7	75	31	
7	75	30	
7	75	29	
7	75	28	
7	75	27	
7	75	26	
7	75	25	
7	75	24	
7	75	23	
7	75	22	
7	75	21	
7	75	20	
7	75	19	
7	75	18	
7	75	17	
7	75	16	
7	75	15	
6	75	15	
6	74	15	
6	73	15	
6	72	15	
6	71	15	
6	70	15	
6	69	15	
6	68	15	
6	67	15	
6	66	15	
6	65	15	
6	64	15	
6	63	15	
6	62	15	
6	61	15	
6	60	15	
6	59	15	
6	58	15	
6	57	15	
6	56	15	
6	55	15	
6	54	15	
6	53	15	
6	52	15	
6	51	15	
6	50	15	
6	49	15	
6	48	15	
6	47	15	
6	46	15	
6	45	15	
6	44	15	
7	44	15	
0
44	default	pin_out_44	pin_in_44
8	58	79	
8	57	79	
8	56	79	
8	55	79	
8	54	79	
8	53	79	
8	52	79	
8	51	79	
8	50	79	
8	49	79	
8	48	79	
8	47	79	
8	46	79	
8	45	79	
8	44	79	
8	43	79	
8	42	79	
8	41	79	
8	40	79	
8	39	79	
8	38	79	
8	37	79	
8	36	79	
8	35	79	
8	34	79	
8	33	79	
8	32	79	
8	31	79	
8	30	79	
8	29	79	
8	28	79	
8	27	79	
8	26	79	
8	25	79	
8	24	79	
8	23	79	
8	22	79	
8	21	79	
8	20	79	
8	19	79	
8	18	79	
8	17	79	
8	16	79	
8	15	79	
8	14	79	
8	13	79	
8	12	79	
8	11	79	
8	10	79	
8	9	79	
8	8	79	
0
45	default	pin_out_45	pin_in_45
8	66	92	
8	65	92	
8	64	92	
8	63	92	
8	62	92	
8	61	92	
8	60	92	
8	59	92	
8	58	92	
8	57	92	
8	56	92	
8	55	92	
8	54	92	
9	54	92	
9	54	91	
9	54	90	
9	54	89	
9	54	88	
9	54	87	
9	54	86	
9	54	85	
9	54	84	
9	54	83	
0
46	1w2s_shield	pin_out_46	pin_in_46
10	19	66	
10	20	66	
10	21	66	
10	22	66	
10	23	66	
10	24	66	
10	25	66	
10	26	66	
10	27	66	
10	28	66	
10	29	66	
10	30	66	
10	31	66	
10	32	66	
10	33	66	
10	34	66	
10	35	66	
10	36	66	
10	37	66	
10	38	66	
10	39	66	
10	40	66	
10	41	66	
10	42	66	
10	43	66	
10	44	66	
10	45	66	
10	46	66	
10	47	66	
10	48	66	
10	49	66	
10	50	66	
10	51	66	
10	52	66	
10	53	66	
10	54	66	
10	55	66	
10	56	66	
10	57	66	
10	58	66	
10	59	66	
10	60	66	
10	61	66	
10	62	66	
10	63	66	
10	64	66	
10	65	66	
9	65	66	
9	65	65	
9	65	64	
9	65	63	
9	65	62	
9	65	61	
9	65	60	
9	65	59	
9	65	58	
9	65	57	
9	65	56	
9	65	55	
9	65	54	
9	65	53	
9	65	52	
9	65	51	
9	65	50	
9	65	49	
9	65	48	
9	65	47	
9	65	46	
9	65	45	
10	65	45	
0
47	1w2s_shield	pin_out_47	pin_in_47
11	38	24	
11	38	25	
11	38	26	
11	38	27	
11	38	28	
11	38	29	
11	38	30	
11	38	31	
11	38	32	
11	38	33	
11	38	34	
11	38	35	
11	38	36	
11	38	37	
11	38	38	
11	38	39	
11	38	40	
11	38	41	
11	38	42	
11	38	43	
11	38	44	
11	38	45	
11	38	46	
11	38	47	
11	38	48	
11	38	49	
11	38	50	
11	38	51	
11	38	52	
11	38	53	
11	38	54	
11	38	55	
11	38	56	
11	38	57	
11	38	58	
11	38	59	
11	38	60	
11	38	61	
11	38	62	
11	38	63	
11	38	64	
11	38	65	
11	38	66	
11	38	67	
11	38	68	
11	38	69	
10	38	69	
10	39	69	
10	40	69	
10	41	69	
10	42	69	
10	43	69	
10	44	69	
10	45	69	
10	46	69	
10	47	69	
10	48	69	
10	49	69	
10	50	69	
10	51	69	
10	52	69	
10	53	69	
10	54	69	
10	55	69	
10	56	69	
10	57	69	
10	58	69	
10	59	69	
10	60	69	
10	61	69	
11	61	69	
0
48	1w2s	pin_out_48	pin_in_48
9	15	59	
9	15	60	
9	15	61	
9	15	62	
9	15	63	
9	15	64	
9	15	65	
9	15	66	
9	15	67	
9	15	68	
9	15	69	
9	15	70	
9	15	71	
9	15	72	
9	15	73	
9	15	74	
8	15	74	
8	16	74	
8	17	74	
8	18	74	
8	19	74	
8	20	74	
8	21	74	
8	22	74	
8	23	74	
8	24	74	
8	25	74	
8	26	74	
8	27	74	
8	28	74	
8	29	74	
8	30	74	
8	31	74	
8	32	74	
9	32	74	
0
49	1w2s	pin_out_49	pin_in_49
9	41	48	
9	41	49	
9	41	50	
9	41	51	
9	41	52	
9	41	53	
9	41	54	
9	41	55	
9	41	56	
9	41	57	
9	41	58	
9	41	59	
9	41	60	
9	41	61	
9	41	62	
9	41	63	
9	41	64	
9	41	65	
9	41	66	
9	41	67	
9	41	68	
9	41	69	
9	41	70	
9	41	71	
9	41	72	
9	41	73	
9	41	74	
9	41	75	
9	41	76	
8	41	76	
8	40	76	
8	39	76	
8	38	76	
8	37	76	
8	36	76	
8	35	76	
8	34	76	
8	33	76	
8	32	76	
8	31	76	
8	30	76	
8	29	76	
8	28	76	
8	27	76	
8	26	76	
8	25	76	
8	24	76	
8	23	76	
8	22	76	
8	21	76	
8	20	76	
8	19	76	
8	18	76	
8	17	76	
8	16	76	
0
50	1w2s_shield	pin_out_50	pin_in_50
10	28	8	
10	27	8	
10	26	8	
10	25	8	
10	24	8	
10	23	8	
10	22	8	
10	21	8	
10	20	8	
10	19	8	
10	18	8	
10	17	8	
10	16	8	
10	15	8	
10	14	8	
10	13	8	
10	12	8	
10	11	8	
10	10	8	
10	9	8	
10	8	8	
10	7	8	
10	6	8	
10	5	8	
10	4	8	
10	3	8	
9	3	8	
9	3	9	
9	3	10	
9	3	11	
9	3	12	
9	3	13	
9	3	14	
9	3	15	
9	3	16	
9	3	17	
9	3	18	
9	3	19	
9	3	20	
9	3	21	
9	3	22	
9	3	23	
9	3	24	
9	3	25	
9	3	26	
9	3	27	
9	3	28	
9	3	29	
9	3	30	
9	3	31	
9	3	32	
9	3	33	
9	3	34	
9	3	35	
9	3	36	
9	3	37	
9	3	38	
9	3	39	
9	3	40	
9	3	41	
9	3	42	
9	3	43	
9	3	44	
9	3	45	
9	3	46	
9	3	47	
9	3	48	
9	3	49	
9	3	50	
9	3	51	
9	3	52	
9	3	53	
10	3	53	
0
51	1w2s	pin_out_51	pin_in_51
9	61	64	
9	61	63	
9	61	62	
9	61	61	
9	61	60	
9	61	59	
9	61	58	
9	61	57	
9	61	56	
9	61	55	
9	61	54	
9	61	53	
9	61	52	
9	61	51	
9	61	50	
9	61	49	
9	61	48	
9	61	47	
9	61	46	
9	61	45	
9	61	44	
9	61	43	
9	61	42	
9	61	41	
9	61	40	
9	61	39	
9	61	38	
8	61	38	
8	62	38	
8	63	38	
8	64	38	
8	65	38	
8	66	38	
8	67	38	
8	68	38	
8	69	38	
8	70	38	
8	71	38	
8	72	38	
8	73	38	
8	74	38	
8	75	38	
8	76	38	
8	77	38	
8	78	38	
8	79	38	
8	80	38	
8	81	38	
8	82	38	
8	83	38	
8	84	38	
8	85	38	
9	85	38	
0
52	1w2s_shield	pin_out_52	pin_in_52
11	27	80	
11	27	79	
11	27	78	
11	27	77	
11	27	76	
11	27	75	
11	27	74	
11	27	73	
11	27	72	
11	27	71	
11	27	70	
11	27	69	
11	27	68	
11	27	67	
11	27	66	
11	27	65	
11	27	64	
11	27	63	
11	27	62	
11	27	61	
11	27	60	
11	27	59	
11	27	58	
11	27	57	
11	27	56	
11	27	55	
11	27	54	
11	27	53	
11	27	52	
11	27	51	
11	27	50	
11	27	49	
11	27	48	
11	27	47	
11	27	46	
11	27	45	
11	27	44	
11	27	43	
11	27	42	
11	27	41	
11	27	40	
11	27	39	
11	27	38	
11	27	37	
11	27	36	
11	27	35	
11	27	34	
11	27	33	
11	27	32	
11	27	31	
11	27	30	
11	27	29	
11	27	28	
11	27	27	
11	27	26	
11	27	25	
11	27	24	
11	27	23	
11	27	22	
11	27	21	
11	27	20	
11	27	19	
11	27	18	
11	27	17	
11	27	16	
11	27	15	
11	27	14	
11	27	13	
11	27	12	
11	27	11	
11	27	10	
11	27	9	
11	27	8	
11	27	7	
11	27	6	
11	27	5	
11	27	4	
10	27	4	
10	28	4	
10	29	4	
10	30	4	
10	31	4	
10	32	4	
10	33	4	
10	34	4	
10	35	4	
10	36	4	
10	37	4	
10	38	4	
10	39	4	
10	40	4	
10	41	4	
10	42	4	
10	43	4	
10	44	4	
10	45	4	
10	46	4	
10	47	4	
10	48	4	
10	49	4	
10	50	4	
10	51	4	
10	52	4	
10	53	4	
10	54	4	
10	55	4	
10	56	4	
10	57	4	
10	58	4	
10	59	4	
10	60	4	
10	61	4	
10	62	4	
10	63	4	
10	64	4	
10	65	4	
10	66	4	
10	67	4	
10	68	4	
10	69	4	
10	70	4	
10	71	4	
10	72	4	
10	73	4	
10	74	4	
10	75	4	
10	76	4	
10	77	4	
10	78	4	
10	79	4	
10	80	4	
10	81	4	
10	82	4	
10	83	4	
10	84	4	
10	85	4	
10	86	4	
10	87	4	
10	88	4	
11	88	4	
0
53	default	pin_out_53	pin_in_53
6	58	90	
6	57	90	
6	56	90	
6	55	90	
6	54	90	
6	53	90	
6	52	90	
6	51	90	
6	50	90	
6	49	90	
6	48	90	
6	47	90	
6	46	90	
6	45	90	
6	44	90	
7	44	90	
7	44	89	
7	44	88	
7	44	87	
7	44	86	
7	44	85	
7	44	84	
7	44	83	
7	44	82	
7	44	81	
7	44	80	
7	44	79	
7	44	78	
7	44	77	
7	44	76	
7	44	75	
7	44	74	
7	44	73	
7	44	72	
7	44	71	
7	44	70	
7	44	69	
7	44	68	
7	44	67	
7	44	66	
7	44	65	
7	44	64	
7	44	63	
7	44	62	
7	44	61	
7	44	60	
7	44	59	
7	44	58	
7	44	57	
7	44	56	
7	44	55	
7	44	54	
7	44	53	
7	44	52	
7	44	51	
7	44	50	
7	44	49	
7	44	48	
7	44	47	
7	44	46	
7	44	45	
7	44	44	
7	44	43	
7	44	42	
7	44	41	
7	44	40	
7	44	39	
7	44	38	
7	44	37	
7	44	36	
7	44	35	
7	44	34	
7	44	33	
7	44	32	
7	44	31	
7	44	30	
7	44	29	
7	44	28	
7	44	27	
7	44	26	
7	44	25	
7	44	24	
7	44	23	
7	44	22	
7	44	21	
7	44	20	
7	44	19	
7	44	18	
7	44	17	
7	44	16	
7	44	15	
7	44	14	
7	44	13	
7	44	12	
7	44	11	
7	44	10	
7	44	9	
8	44	9	
0
54	default	pin_out_54	pin_in_54
8	58	29	
8	57	29	
8	56	29	
8	55	29	
8	54	29	
8	53	29	
8	52	29	
8	51	29	
8	50	29	
8	49	29	
8	48	29	
8	47	29	
8	46	29	
8	45	29	
8	44	29	
8	43	29	
8	42	29	
8	41	29	
8	40	29	
8	39	29	
8	38	29	
8	37	29	
8	36	29	
8	35	29	
8	34	29	
8	33	29	
8	32	29	
8	31	29	
8	30	29	
8	29	29	
8	28	29	
8	27	29	
8	26	29	
8	25	29	
8	24	29	
8	23	29	
8	22	29	
8	21	29	
8	20	29	
8	19	29	
8	18	29	
8	17	29	
7	17	29	
7	17	30	
7	17	31	
7	17	32	
7	17	33	
7	17	34	
7	17	35	
7	17	36	
7	17	37	
7	17	38	
7	17	39	
7	17	40	
7	17	41	
7	17	42	
7	17	43	
7	17	44	
7	17	45	
7	17	46	
8	17	46	
0
55	1w2s	pin_out_55	pin_in_55
8	81	44	
8	80	44	
8	79	44	
8	78	44	
8	77	44	
8	76	44	
8	75	44	
8	74	44	
8	73	44	
8	72	44	
8	71	44	
8	70	44	
8	69	44	
8	68	44	
8	67	44	
8	66	44	
8	65	44	
8	64	44	
8	63	44	
8	62	44	
8	61	44	
8	60	44	
8	59	44	
8	58	44	
8	57	44	
8	56	44	
8	55	44	
8	54	44	
8	53	44	
8	52	44	
8	51	44	
8	50	44	
8	49	44	
8	48	44	
8	47	44	
8	46	44	
8	45	44	
8	44	44	
8	43	44	
8	42	44	
8	41	44	
8	40	44	
8	39	44	
8	38	44	
8	37	44	
8	36	44	
8	35	44	
8	34	44	
8	33	44	
8	32	44	
8	31	44	
8	30	44	
9	30	44	
9	30	45	
9	30	46	
9	30	47	
9	30	48	
9	30	49	
9	30	50	
9	30	51	
9	30	52	
9	30	53	
9	30	54	
9	30	55	
9	30	56	
9	30	57	
9	30	58	
9	30	59	
9	30	60	
9	30	61	
9	30	62	
9	30	63	
9	30	64	
9	30	65	
9	30	66	
9	30	67	
0
56	default	pin_out_56	pin_in_56
8	21	40	
8	22	40	
8	23	40	
8	24	40	
8	25	40	
8	26	40	
8	27	40	
8	28	40	
8	29	40	
8	30	40	
8	31	40	
8	32	40	
8	33	40	
8	34	40	
8	35	40	
8	36	40	
8	37	40	
8	38	40	
8	39	40	
8	40	40	
8	41	40	
8	42	40	
8	43	40	
8	44	40	
8	45	40	
8	46	40	
8	47	40	
8	48	40	
8	49	40	
8	50	40	
8	51	40	
8	52	40	
8	53	40	
8	54	40	
8	55	40	
8	56	40	
8	57	40	
8	58	40	
8	59	40	
8	60	40	
8	61	40	
8	62	40	
8	63	40	
8	64	40	
8	65	40	
8	66	40	
8	67	40	
8	68	40	
8	69	40	
8	70	40	
8	71	40	
8	72	40	
8	73	40	
8	74	40	
8	75	40	
8	76	40	
8	77	40	
8	78	40	
8	79	40	
8	80	40	
8	81	40	
8	82	40	
8	83	40	
8	84	40	
8	85	40	
8	86	40	
8	87	40	
8	88	40	
8	89	40	
8	90	40	
8	91	40	
8	92	40	
7	92	40	
7	92	41	
7	92	42	
7	92	43	
7	92	44	
7	92	45	
7	92	46	
7	92	47	
7	92	48	
7	92	49	
7	92	50	
7	92	51	
7	92	52	
7	92	53	
7	92	54	
7	92	55	
7	92	56	
7	92	57	
7	92	58	
7	92	59	
7	92	60	
7	92	61	
7	92	62	
7	92	63	
7	92	64	
7	92	65	
7	92	66	
7	92	67	
7	92	68	
7	92	69	
7	92	70	
7	92	71	
7	92	72	
7	92	73	
7	92	74	
7	92	75	
7	92	76	
7	92	77	
7	92	78	
7	92	79	
7	92	80	
7	92	81	
7	92	82	
7	92	83	
7	92	84	
7	92	85	
7	92	86	
7	92	87	
7	92	88	
7	92	89	
7	92	90	
7	92	91	
8	92	91	
0
57	1w2s	pin_out_57	pin_in_57
8	2	21	
8	3	21	
8	4	21	
8	5	21	
8	6	21	
8	7	21	
8	8	21	
8	9	21	
8	10	21	
8	11	21	
8	12	21	
8	13	21	
8	14	21	
8	15	21	
8	16	21	
8	17	21	
8	18	21	
8	19	21	
8	20	21	
8	21	21	
8	22	21	
8	23	21	
9	23	21	
9	23	22	
9	23	23	
9	23	24	
9	23	25	
9	23	26	
9	23	27	
9	23	28	
9	23	29	
9	23	30	
9	23	31	
9	23	32	
9	23	33	
9	23	34	
9	23	35	
9	23	36	
9	23	37	
9	23	38	
9	23	39	
9	23	40	
9	23	41	
9	23	42	
9	23	43	
9	23	44	
9	23	45	
9	23	46	
9	23	47	
9	23	48	
9	23	49	
9	23	50	
9	23	51	
9	23	52	
9	23	53	
9	23	54	
9	23	55	
9	23	56	
9	23	57	
9	23	58	
9	23	59	
9	23	60	
9	23	61	
9	23	62	
9	23	63	
9	23	64	
9	23	65	
9	23	66	
9	23	67	
9	23	68	
9	23	69	
0
58	1w2s	pin_out_58	pin_in_58
9	7	56	
9	7	55	
9	7	54	
9	7	53	
9	7	52	
9	7	51	
9	7	50	
9	7	49	
9	7	48	
9	7	47	
9	7	46	
9	7	45	
9	7	44	
9	7	43	
9	7	42	
9	7	41	
9	7	40	
9	7	39	
9	7	38	
9	7	37	
9	7	36	
9	7	35	
9	7	34	
9	7	33	
9	7	32	
9	7	31	
9	7	30	
9	7	29	
9	7	28	
9	7	27	
9	7	26	
9	7	25	
9	7	24	
9	7	23	
9	7	22	
9	7	21	
9	7	20	
9	7	19	
9	7	18	
9	7	17	
9	7	16	
9	7	15	
9	7	14	
9	7	13	
9	7	12	
9	7	11	
9	7	10	
9	7	9	
9	7	8	
9	7	7	
9	7	6	
8	7	6	
8	8	6	
8	9	6	
8	10	6	
8	11	6	
8	12	6	
8	13	6	
8	14	6	
8	15	6	
8	16	6	
8	17	6	
8	18	6	
8	19	6	
8	20	6	
8	21	6	
8	22	6	
0
59	1w2s_shield	pin_out_59	pin_in_59
10	52	56	
10	53	56	
10	54	56	
10	55	56	
10	56	56	
10	57	56	
10	58	56	
10	59	56	
10	60	56	
10	61	56	
10	62	56	
10	63	56	
10	64	56	
10	65	56	
10	66	56	
10	67	56	
10	68	56	
10	69	56	
10	70	56	
10	71	56	
10	72	56	
11	72	56	
11	72	57	
11	72	58	
11	72	59	
11	72	60	
11	72	61	
11	72	62	
11	72	63	
11	72	64	
11	72	65	
11	72	66	
11	72	67	
11	72	68	
11	72	69	
11	72	70	
11	72	71	
11	72	72	
11	72	73	
11	72	74	
11	72	75	
11	72	76	
11	72	77	
0
60	default	pin_out_60	pin_in_60
9	10	72	
8	10	72	
8	11	72	
8	12	72	
8	13	72	
8	14	72	
8	15	72	
8	16	72	
8	17	72	
8	18	72	
8	19	72	
8	20	72	
8	21	72	
8	22	72	
8	23	72	
8	24	72	
8	25	72	
8	26	72	
8	27	72	
8	28	72	
8	29	72	
8	30	72	
8	31	72	
8	32	72	
8	33	72	
8	34	72	
7	34	72	
7	34	73	
7	34	74	
7	34	75	
7	34	76	
7	34	77	
7	34	78	
7	34	79	
7	34	80	
7	34	81	
7	34	82	
7	34	83	
7	34	84	
7	34	85	
7	34	86	
7	34	87	
7	34	88	
7	34	89	
7	34	90	
7	34	91	
7	34	92	
7	34	93	
7	34	94	
0
61	1w2s_shield	pin_out_61	pin_in_61
11	86	77	
11	86	76	
11	86	75	
11	86	74	
11	86	73	
11	86	72	
11	86	71	
11	86	70	
11	86	69	
11	86	68	
11	86	67	
11	86	66	
11	86	65	
11	86	64	
11	86	63	
10	86	63	
10	85	63	
10	84	63	
10	83	63	
10	82	63	
10	81	63	
10	80	63	
10	79	63	
10	78	63	
10	77	63	
10	76	63	
10	75	63	
10	74	63	
10	73	63	
10	72	63	
10	71	63	
10	70	63	
10	69	63	
10	68	63	
10	67	63	
10	66	63	
10	65	63	
10	64	63	
10	63	63	
10	62	63	
10	61	63	
10	60	63	
10	59	63	
10	58	63	
10	57	63	
10	56	63	
10	55	63	
10	54	63	
10	53	63	
10	52	63	
10	51	63	
11	51	63	
0
62	1w2s	pin_out_62	pin_in_62
9	41	16	
9	41	17	
9	41	18	
9	41	19	
9	41	20	
9	41	21	
9	41	22	
9	41	23	
9	41	24	
9	41	25	
9	41	26	
9	41	27	
9	41	28	
9	41	29	
9	41	30	
9	41	31	
9	41	32	
9	41	33	
9	41	34	
9	41	35	
9	41	36	
9	41	37	
9	41	38	
9	41	39	
9	41	40	
9	41	41	
9	41	42	
9	41	43	
9	41	44	
9	41	45	
9	41	46	
9	41	47	
9	41	48	
9	41	49	
9	41	50	
9	41	51	
9	41	52	
9	41	53	
9	41	54	
9	41	55	
9	41	56	
9	41	57	
9	41	58	
9	41	59	
9	41	60	
9	41	61	
9	41	62	
9	41	63	
9	41	64	
9	41	65	
9	41	66	
9	41	67	
9	41	68	
9	41	69	
9	41	70	
9	41	71	
9	41	72	
9	41	73	
9	41	74	
9	41	75	
9	41	76	
9	41	77	
9	41	78	
9	41	79	
8	41	79	
8	40	79	
8	39	79	
8	38	79	
8	37	79	
8	36	79	
8	35	79	
8	34	79	
8	33	79	
8	32	79	
8	31	79	
8	30	79	
8	29	79	
8	28	79	
8	27	79	
8	26	79	
8	25	79	
8	24	79	
8	23	79	
8	22	79	
8	21	79	
8	20	79	
8	19	79	
8	18	79	
8	17	79	
8	16	79	
8	15	79	
8	14	79	
8	13	79	
8	12	79	
8	11	79	
8	10	79	
8	9	79	
8	8	79	
8	7	79	
0
63	default	pin_out_63	pin_in_63
6	50	15	
7	50	15	
7	50	16	
7	50	17	
7	50	18	
7	50	19	
7	50	20	
7	50	21	
7	50	22	
7	50	23	
6	50	23	
6	51	23	
6	52	23	
6	53	23	
0
64	default	pin_out_64	pin_in_64
8	51	25	
8	50	25	
8	49	25	
8	48	25	
8	47	25	
8	46	25	
7	46	25	
7	46	26	
7	46	27	
7	46	28	
7	46	29	
7	46	30	
7	46	31	
7	46	32	
7	46	33	
7	46	34	
7	46	35	
7	46	36	
7	46	37	
7	46	38	
7	46	39	
7	46	40	
7	46	41	
7	46	42	
7	46	43	
7	46	44	
7	46	45	
7	46	46	
7	46	47	
7	46	48	
7	46	49	
7	46	50	
7	46	51	
7	46	52	
7	46	53	
7	46	54	
7	46	55	
7	46	56	
7	46	57	
7	46	58	
7	46	59	
7	46	60	
7	46	61	
8	46	61	
0
65	default	pin_out_65	pin_in_65
6	83	65	
6	82	65	
6	81	65	
6	80	65	
6	79	65	
6	78	65	
6	77	65	
6	76	65	
6	75	65	
6	74	65	
6	73	65	
6	72	65	
6	71	65	
6	70	65	
6	69	65	
6	68	65	
6	67	65	
6	66	65	
6	65	65	
6	64	65	
6	63	65	
6	62	65	
6	61	65	
6	60	65	
6	59	65	
6	58	65	
6	57	65	
6	56	65	
6	55	65	
6	54	65	
6	53	65	
6	52	65	
6	51	65	
6	50	65	
6	49	65	
6	48	65	
6	47	65	
6	46	65	
6	45	65	
6	44	65	
6	43	65	
6	42	65	
6	41	65	
6	40	65	
6	39	65	
6	38	65	
6	37	65	
6	36	65	
6	35	65	
6	34	65	
6	33	65	
6	32	65	
6	31	65	
6	30	65	
6	29	65	
6	28	65	
6	27	65	
6	26	65	
6	25	65	
6	24	65	
6	23	65	
6	22	65	
6	21	65	
6	20	65	
6	19	65	
6	18	65	
6	17	65	
7	17	65	
7	17	64	
7	17	63	
7	17	62	
7	17	61	
7	17	60	
7	17	59	
7	17	58	
7	17	57	
7	17	56	
7	17	55	
7	17	54	
7	17	53	
7	17	52	
7	17	51	
7	17	50	
7	17	49	
7	17	48	
7	17	47	
7	17	46	
7	17	45	
7	17	44	
7	17	43	
7	17	42	
7	17	41	
7	17	40	
7	17	39	
7	17	38	
7	17	37	
7	17	36	
7	17	35	
7	17	34	
7	17	33	
7	17	32	
7	17	31	
7	17	30	
7	17	29	
7	17	28	
7	17	27	
7	17	26	
7	17	25	
7	17	24	
7	17	23	
7	17	22	
8	17	22	
0
66	default	pin_out_66	pin_in_66
8	28	69	
8	29	69	
8	30	69	
8	31	69	
8	32	69	
8	33	69	
8	34	69	
8	35	69	
8	36	69	
8	37	69	
8	38	69	
8	39	69	
8	40	69	
8	41	69	
8	42	69	
8	43	69	
8	44	69	
8	45	69	
8	46	69	
8	47	69	
8	48	69	
8	49	69	
8	50	69	
8	51	69	
8	52	69	
8	53	69	
8	54	69	
8	55	69	
8	56	69	
8	57	69	
8	58	69	
8	59	69	
8	60	69	
8	61	69	
8	62	69	
8	63	69	
8	64	69	
8	65	69	
8	66	69	
8	67	69	
8	68	69	
8	69	69	
8	70	69	
8	71	69	
8	72	69	
8	73	69	
8	74	69	
8	75	69	
8	76	69	
8	77	69	
8	78	69	
8	79	69	
8	80	69	
8	81	69	
8	82	69	
7	82	69	
7	82	70	
7	82	71	
7	82	72	
7	82	73	
7	82	74	
7	82	75	
7	82	76	
7	82	77	
7	82	78	
7	82	79	
7	82	80	
7	82	81	
7	82	82	
7	82	83	
7	82	84	
7	82	85	
7	82	86	
7	82	87	
0
67	1w2s	pin_out_67	pin_in_67
9	18	64	
9	18	65	
9	18	66	
9	18	67	
9	18	68	
9	18	69	
9	18	70	
9	18	71	
9	18	72	
9	18	73	
9	18	74	
9	18	75	
9	18	76	
9	18	77	
9	18	78	
9	18	79	
9	18	80	
9	18	81	
9	18	82	
9	18	83	
9	18	84	
8	18	84	
8	19	84	
8	20	84	
8	21	84	
8	22	84	
8	23	84	
8	24	84	
8	25	84	
8	26	84	
8	27	84	
8	28	84	
8	29	84	
8	30	84	
8	31	84	
8	32	84	
8	33	84	
8	34	84	
8	35	84	
8	36	84	
8	37	84	
8	38	84	
8	39	84	
8	40	84	
8	41	84	
8	42	84	
8	43	84	
8	44	84	
8	45	84	
8	46	84	
8	47	84	
8	48	84	
8	49	84	
8	50	84	
8	51	84	
8	52	84	
8	53	84	
8	54	84	
8	55	84	
8	56	84	
8	57	84	
8	58	84	
8	59	84	
8	60	84	
8	61	84	
8	62	84	
8	63	84	
8	64	84	
8	65	84	
8	66	84	
8	67	84	
8	68	84	
8	69	84	
8	70	84	
8	71	84	
8	72	84	
8	73	84	
8	74	84	
9	74	84	
0
68	1w2s_shield	pin_out_68	pin_in_68
11	34	19	
11	34	20	
11	34	21	
11	34	22	
11	34	23	
11	34	24	
11	34	25	
11	34	26	
11	34	27	
11	34	28	
11	34	29	
11	34	30	
11	34	31	
11	34	32	
11	34	33	
11	34	34	
11	34	35	
11	34	36	
11	34	37	
11	34	38	
11	34	39	
11	34	40	
11	34	41	
11	34	42	
11	34	43	
11	34	44	
11	34	45	
11	34	46	
11	34	47	
11	34	48	
11	34	49	
11	34	50	
11	34	51	
11	34	52	
11	34	53	
11	34	54	
11	34	55	
11	34	56	
11	34	57	
11	34	58	
11	34	59	
11	34	60	
11	34	61	
11	34	62	
11	34	63	
11	34	64	
11	34	65	
11	34	66	
11	34	67	
11	34	68	
11	34	69	
11	34	70	
11	34	71	
11	34	72	
10	34	72	
10	35	72	
10	36	72	
10	37	72	
10	38	72	
10	39	72	
10	40	72	
10	41	72	
10	42	72	
10	43	72	
10	44	72	
10	45	72	
10	46	72	
10	47	72	
10	48	72	
11	48	72	
0
69	1w2s	pin_out_69	pin_in_69
9	86	63	
9	86	64	
9	86	65	
9	86	66	
9	86	67	
9	86	68	
9	86	69	
9	86	70	
9	86	71	
9	86	72	
8	86	72	
8	85	72	
8	84	72	
8	83	72	
8	82	72	
8	81	72	
8	80	72	
8	79	72	
8	78	72	
8	77	72	
8	76	72	
8	75	72	
8	74	72	
8	73	72	
8	72	72	
8	71	72	
8	70	72	
8	69	72	
8	68	72	
8	67	72	
8	66	72	
8	65	72	
8	64	72	
8	63	72	
8	62	72	
8	61	72	
8	60	72	
8	59	72	
8	58	72	
8	57	72	
8	56	72	
8	55	72	
8	54	72	
8	53	72	
8	52	72	
8	51	72	
8	50	72	
8	49	72	
8	48	72	
8	47	72	
9	47	72	
0
70	default	pin_out_70	pin_in_70
6	63	52	
6	62	52	
6	61	52	
6	60	52	
7	60	52	
7	60	51	
7	60	50	
7	60	49	
7	60	48	
7	60	47	
7	60	46	
7	60	45	
7	60	44	
7	60	43	
7	60	42	
7	60	41	
7	60	40	
7	60	39	
7	60	38	
7	60	37	
7	60	36	
7	60	35	
7	60	34	
7	60	33	
7	60	32	
7	60	31	
7	60	30	
7	60	29	
7	60	28	
7	60	27	
7	60	26	
7	60	25	
7	60	24	
7	60	23	
7	60	22	
7	60	21	
7	60	20	
7	60	19	
7	60	18	
7	60	17	
7	60	16	
7	60	15	
7	60	14	
0
71	default	pin_out_71	pin_in_71
6	24	29	
6	23	29	
6	22	29	
6	21	29	
6	20	29	
6	19	29	
6	18	29	
6	17	29	
6	16	29	
6	15	29	
7	15	29	
7	15	30	
7	15	31	
7	15	32	
7	15	33	
7	15	34	
7	15	35	
7	15	36	
7	15	37	
7	15	38	
7	15	39	
7	15	40	
7	15	41	
7	15	42	
7	15	43	
7	15	44	
7	15	45	
7	15	46	
7	15	47	
7	15	48	
7	15	49	
7	15	50	
7	15	51	
7	15	52	
7	15	53	
7	15	54	
7	15	55	
7	15	56	
7	15	57	
7	15	58	
7	15	59	
7	15	60	
7	15	61	
7	15	62	
7	15	63	
7	15	64	
7	15	65	
7	15	66	
7	15	67	
7	15	68	
7	15	69	
7	15	70	
7	15	71	
7	15	72	
7	15	73	
7	15	74	
7	15	75	
7	15	76	
7	15	77	
7	15	78	
7	15	79	
7	15	80	
7	15	81	
7	15	82	
7	15	83	
7	15	84	
7	15	85	
8	15	85	
0
72	default	pin_out_72	pin_in_72
8	1	35	
8	2	35	
8	3	35	
8	4	35	
8	5	35	
8	6	35	
8	7	35	
8	8	35	
8	9	35	
8	10	35	
8	11	35	
8	12	35	
8	13	35	
8	14	35	
8	15	35	
8	16	35	
8	17	35	
8	18	35	
8	19	35	
8	20	35	
8	21	35	
8	22	35	
8	23	35	
8	24	35	
8	25	35	
8	26	35	
8	27	35	
8	28	35	
8	29	35	
8	30	35	
8	31	35	
8	32	35	
8	33	35	
8	34	35	
8	35	35	
8	36	35	
8	37	35	
8	38	35	
8	39	35	
8	40	35	
8	41	35	
8	42	35	
8	43	35	
8	44	35	
8	45	35	
8	46	35	
8	47	35	
8	48	35	
8	49	35	
8	50	35	
8	51	35	
8	52	35	
8	53	35	
8	54	35	
8	55	35	
8	56	35	
8	57	35	
8	58	35	
8	59	35	
8	60	35	
8	61	35	
8	62	35	
8	63	35	
8	64	35	
8	65	35	
8	66	35	
8	67	35	
8	68	35	
8	69	35	
8	70	35	
8	71	35	
8	72	35	
8	73	35	
7	73	35	
7	73	34	
7	73	33	
7	73	32	
7	73	31	
7	73	30	
7	73	29	
7	73	28	
7	73	27	
7	73	26	
8	73	26	
0
73	1w2s	pin_out_73	pin_in_73
9	81	69	
9	81	68	
9	81	67	
9	81	66	
9	81	65	
9	81	64	
9	81	63	
9	81	62	
9	81	61	
9	81	60	
9	81	59	
9	81	58	
9	81	57	
9	81	56	
9	81	55	
9	81	54	
9	81	53	
9	81	52	
9	81	51	
9	81	50	
9	81	49	
9	81	48	
9	81	47	
8	81	47	
8	80	47	
8	79	47	
8	78	47	
8	77	47	
8	76	47	
8	75	47	
8	74	47	
8	73	47	
8	72	47	
8	71	47	
8	70	47	
8	69	47	
8	68	47	
8	67	47	
8	66	47	
8	65	47	
8	64	47	
8	63	47	
8	62	47	
8	61	47	
8	60	47	
8	59	47	
8	58	47	
8	57	47	
8	56	47	
8	55	47	
8	54	47	
8	53	47	
8	52	47	
8	51	47	
8	50	47	
8	49	47	
8	48	47	
8	47	47	
8	46	47	
8	45	47	
8	44	47	
8	43	47	
8	42	47	
8	41	47	
8	40	47	
8	39	47	
8	38	47	
8	37	47	
8	36	47	
8	35	47	
8	34	47	
8	33	47	
0
74	default	pin_out_74	pin_in_74
7	35	69	
7	35	70	
7	35	71	
7	35	72	
7	35	73	
7	35	74	
7	35	75	
7	35	76	
7	35	77	
6	35	77	
6	34	77	
6	33	77	
6	32	77	
6	31	77	
6	30	77	
6	29	77	
6	28	77	
6	27	77	
6	26	77	
6	25	77	
6	24	77	
6	23	77	
6	22	77	
6	21	77	
6	20	77	
6	19	77	
6	18	77	
6	17	77	
6	16	77	
6	15	77	
6	14	77	
6	13	77	
6	12	77	
6	11	77	
6	10	77	
6	9	77	
6	8	77	
6	7	77	
6	6	77	
6	5	77	
6	4	77	
6	3	77	
6	2	77	
6	1	77	
0
75	default	pin_out_75	pin_in_75
7	72	61	
7	72	62	
7	72	63	
7	72	64	
7	72	65	
7	72	66	
7	72	67	
7	72	68	
7	72	69	
7	72	70	
7	72	71	
7	72	72	
7	72	73	
7	72	74	
7	72	75	
7	72	76	
7	72	77	
7	72	78	
7	72	79	
6	72	79	
6	71	79	
6	70	79	
6	69	79	
6	68	79	
6	67	79	
6	66	79	
6	65	79	
6	64	79	
6	63	79	
6	62	79	
6	61	79	
6	60	79	
6	59	79	
6	58	79	
6	57	79	
6	56	79	
6	55	79	
6	54	79	
6	53	79	
6	52	79	
6	51	79	
6	50	79	
6	49	79	
7	49	79	
0
76	default	pin_out_76	pin_in_76
9	39	89	
8	39	89	
8	38	89	
8	37	89	
8	36	89	
8	35	89	
8	34	89	
8	33	89	
8	32	89	
8	31	89	
8	30	89	
8	29	89	
7	29	89	
7	29	88	
7	29	87	
7	29	86	
7	29	85	
7	29	84	
7	29	83	
7	29	82	
7	29	81	
7	29	80	
7	29	79	
7	29	78	
7	29	77	
7	29	76	
7	29	75	
7	29	74	
7	29	73	
7	29	72	
7	29	71	
7	29	70	
7	29	69	
7	29	68	
7	29	67	
7	29	66	
7	29	65	
7	29	64	
7	29	63	
7	29	62	
7	29	61	
7	29	60	
7	29	59	
7	29	58	
7	29	57	
7	29	56	
7	29	55	
7	29	54	
7	29	53	
7	29	52	
7	29	51	
7	29	50	
0
77	default	pin_out_77	pin_in_77
6	25	91	
7	25	91	
7	25	90	
7	25	89	
7	25	88	
7	25	87	
7	25	86	
7	25	85	
7	25	84	
7	25	83	
7	25	82	
7	25	81	
7	25	80	
7	25	79	
6	25	79	
6	26	79	
6	27	79	
6	28	79	
6	29	79	
6	30	79	
6	31	79	
6	32	79	
6	33	79	
6	34	79	
6	35	79	
6	36	79	
6	37	79	
6	38	79	
6	39	79	
6	40	79	
6	41	79	
6	42	79	
6	43	79	
6	44	79	
6	45	79	
6	46	79	
6	47	79	
6	48	79	
6	49	79	
6	50	79	
6	51	79	
6	52	79	
6	53	79	
6	54	79	
6	55	79	
6	56	79	
6	57	79	
6	58	79	
6	59	79	
6	60	79	
6	61	79	
6	62	79	
6	63	79	
6	64	79	
6	65	79	
6	66	79	
0
78	default	pin_out_78	pin_in_78
9	90	96	
8	90	96	
8	89	96	
8	88	96	
8	87	96	
8	86	96	
8	85	96	
8	84	96	
8	83	96	
7	83	96	
7	83	95	
7	83	94	
7	83	93	
7	83	92	
7	83	91	
7	83	90	
7	83	89	
7	83	88	
7	83	87	
7	83	86	
7	83	85	
7	83	84	
7	83	83	
7	83	82	
7	83	81	
7	83	80	
7	83	79	
7	83	78	
7	83	77	
7	83	76	
7	83	75	
7	83	74	
7	83	73	
7	83	72	
7	83	71	
7	83	70	
7	83	69	
7	83	68	
7	83	67	
7	83	66	
7	83	65	
7	83	64	
7	83	63	
7	83	62	
7	83	61	
7	83	60	
7	83	59	
7	83	58	
7	83	57	
7	83	56	
7	83	55	
7	83	54	
7	83	53	
7	83	52	
7	83	51	
7	83	50	
7	83	49	
7	83	48	
7	83	47	
7	83	46	
7	83	45	
7	83	44	
7	83	43	
7	83	42	
7	83	41	
7	83	40	
7	83	39	
7	83	38	
7	83	37	
7	83	36	
7	83	35	
7	83	34	
7	83	33	
7	83	32	
7	83	31	
7	83	30	
7	83	29	
7	83	28	
7	83	27	
7	83	26	
7	83	25	
7	83	24	
7	83	23	
7	83	22	
7	83	21	
7	83	20	
7	83	19	
7	83	18	
7	83	17	
7	83	16	
7	83	15	
7	83	14	
7	83	13	
7	83	12	
7	83	11	
7	83	10	
7	83	9	
7	83	8	
7	83	7	
7	83	6	
7	83	5	
0
79	default	pin_out_79	pin_in_79
7	85	61	
7	85	60	
7	85	59	
7	85	58	
7	85	57	
7	85	56	
7	85	55	
7	85	54	
7	85	53	
7	85	52	
7	85	51	
7	85	50	
7	85	49	
7	85	48	
7	85	47	
7	85	46	
7	85	45	
7	85	44	
7	85	43	
7	85	42	
7	85	41	
7	85	40	
7	85	39	
7	85	38	
7	85	37	
7	85	36	
7	85	35	
7	85	34	
7	85	33	
7	85	32	
7	85	31	
7	85	30	
7	85	29	
7	85	28	
7	85	27	
7	85	26	
7	85	25	
7	85	24	
7	85	23	
7	85	22	
7	85	21	
7	85	20	
7	85	19	
7	85	18	
7	85	17	
7	85	16	
6	85	16	
6	84	16	
6	83	16	
6	82	16	
6	81	16	
6	80	16	
6	79	16	
6	78	16	
6	77	16	
6	76	16	
6	75	16	
6	74	16	
6	73	16	
6	72	16	
6	71	16	
6	70	16	
6	69	16	
6	68	16	
6	67	16	
6	66	16	
6	65	16	
6	64	16	
6	63	16	
6	62	16	
6	61	16	
6	60	16	
6	59	16	
6	58	16	
6	57	16	
6	56	16	
6	55	16	
6	54	16	
6	53	16	
6	52	16	
6	51	16	
6	50	16	
6	49	16	
6	48	16	
6	47	16	
6	46	16	
6	45	16	
6	44	16	
6	43	16	
6	42	16	
6	41	16	
6	40	16	
6	39	16	
0
80	default	pin_out_80	pin_in_80
7	30	14	
7	30	15	
7	30	16	
7	30	17	
7	30	18	
7	30	19	
7	30	20	
7	30	21	
7	30	22	
7	30	23	
7	30	24	
7	30	25	
7	30	26	
7	30	27	
7	30	28	
7	30	29	
7	30	30	
7	30	31	
7	30	32	
7	30	33	
7	30	34	
7	30	35	
7	30	36	
7	30	37	
7	30	38	
7	30	39	
7	30	40	
7	30	41	
7	30	42	
7	30	43	
7	30	44	
7	30	45	
7	30	46	
7	30	47	
7	30	48	
7	30	49	
7	30	50	
7	30	51	
7	30	52	
7	30	53	
7	30	54	
7	30	55	
7	30	56	
7	30	57	
7	30	58	
7	30	59	
7	30	60	
7	30	61	
7	30	62	
7	30	63	
7	30	64	
7	30	65	
7	30	66	
7	30	67	
7	30	68	
7	30	69	
7	30	70	
7	30	71	
7	30	72	
7	30	73	
7	30	74	
7	30	75	
7	30	76	
7	30	77	
7	30	78	
7	30	79	
7	30	80	
7	30	81	
7	30	82	
7	30	83	
7	30	84	
7	30	85	
7	30	86	
7	30	87	
7	30	88	
7	30	89	
7	30	90	
0
81	1w2s_shield	pin_out_81	pin_in_81
10	51	39	
10	52	39	
10	53	39	
10	54	39	
10	55	39	
10	56	39	
10	57	39	
10	58	39	
10	59	39	
10	60	39	
10	61	39	
10	62	39	
10	63	39	
10	64	39	
10	65	39	
10	66	39	
10	67	39	
10	68	39	
10	69	39	
10	70	39	
10	71	39	
10	72	39	
10	73	39	
10	74	39	
10	75	39	
10	76	39	
10	77	39	
10	78	39	
10	79	39	
10	80	39	
10	81	39	
10	82	39	
9	82	39	
9	82	40	
9	82	41	
9	82	42	
10	82	42	
0
82	1w2s_shield	pin_out_82	pin_in_82
11	31	54	
11	31	55	
11	31	56	
11	31	57	
11	31	58	
11	31	59	
11	31	60	
11	31	61	
11	31	62	
11	31	63	
11	31	64	
11	31	65	
11	31	66	
11	31	67	
11	31	68	
11	31	69	
11	31	70	
11	31	71	
11	31	72	
11	31	73	
11	31	74	
11	31	75	
11	31	76	
11	31	77	
11	31	78	
11	31	79	
11	31	80	
11	31	81	
11	31	82	
11	31	83	
11	31	84	
11	31	85	
11	31	86	
11	31	87	
11	31	88	
11	31	89	
11	31	90	
11	31	91	
10	31	91	
10	30	91	
10	29	91	
10	28	91	
10	27	91	
10	26	91	
10	25	91	
10	24	91	
10	23	91	
10	22	91	
11	22	91	
0
83	1w2s	pin_out_83	pin_in_83
8	28	41	
8	27	41	
8	26	41	
8	25	41	
8	24	41	
8	23	41	
8	22	41	
8	21	41	
8	20	41	
8	19	41	
8	18	41	
8	17	41	
9	17	41	
9	17	40	
9	17	39	
0
84	1w2s_shield	pin_out_84	pin_in_84
11	74	79	
11	74	78	
11	74	77	
11	74	76	
11	74	75	
11	74	74	
11	74	73	
11	74	72	
11	74	71	
11	74	70	
11	74	69	
11	74	68	
11	74	67	
11	74	66	
11	74	65	
11	74	64	
11	74	63	
11	74	62	
11	74	61	
11	74	60	
11	74	59	
11	74	58	
11	74	57	
11	74	56	
11	74	55	
11	74	54	
11	74	53	
11	74	52	
11	74	51	
11	74	50	
11	74	49	
11	74	48	
11	74	47	
11	74	46	
11	74	45	
11	74	44	
11	74	43	
11	74	42	
11	74	41	
11	74	40	
11	74	39	
11	74	38	
11	74	37	
11	74	36	
11	74	35	
11	74	34	
11	74	33	
11	74	32	
11	74	31	
11	74	30	
11	74	29	
11	74	28	
11	74	27	
11	74	26	
11	74	25	
11	74	24	
11	74	23	
11	74	22	
11	74	21	
11	74	20	
11	74	19	
11	74	18	
11	74	17	
11	74	16	
11	74	15	
11	74	14	
11	74	13	
11	74	12	
11	74	11	
11	74	10	
11	74	9	
11	74	8	
11	74	7	
11	74	6	
11	74	5	
11	74	4	
10	74	4	
10	73	4	
10	72	4	
10	71	4	
10	70	4	
10	69	4	
10	68	4	
10	67	4	
10	66	4	
10	65	4	
10	64	4	
10	63	4	
10	62	4	
10	61	4	
10	60	4	
10	59	4	
10	58	4	
10	57	4	
10	56	4	
10	55	4	
10	54	4	
10	53	4	
10	52	4	
10	51	4	
10	50	4	
10	49	4	
10	48	4	
10	47	4	
10	46	4	
10	45	4	
10	44	4	
10	43	4	
10	42	4	
11	42	4	
0
85	default	pin_out_85	pin_in_85
9	18	28	
8	18	28	
8	19	28	
8	20	28	
8	21	28	
8	22	28	
8	23	28	
8	24	28	
8	25	28	
8	26	28	
8	27	28	
8	28	28	
8	29	28	
8	30	28	
8	31	28	
8	32	28	
8	33	28	
8	34	28	
8	35	28	
8	36	28	
8	37	28	
8	38	28	
8	39	28	
8	40	28	
8	41	28	
8	42	28	
7	42	28	
7	42	29	
7	42	30	
7	42	31	
7	42	32	
7	42	33	
7	42	34	
7	42	35	
7	42	36	
7	42	37	
7	42	38	
7	42	39	
7	42	40	
7	42	41	
7	42	42	
7	42	43	
7	42	44	
7	42	45	
7	42	46	
7	42	47	
7	42	48	
7	42	49	
7	42	50	
0
86	default	pin_out_86	pin_in_86
9	27	16	
9	27	15	
9	27	14	
9	27	13	
9	27	12	
9	27	11	
9	27	10	
9	27	9	
9	27	8	
9	27	7	
9	27	6	
8	27	6	
8	28	6	
8	29	6	
0
87	default	pin_out_87	pin_in_87
6	52	0	
6	53	0	
6	54	0	
6	55	0	
6	56	0	
6	57	0	
6	58	0	
6	59	0	
6	60	0	
6	61	0	
6	62	0	
6	63	0	
6	64	0	
6	65	0	
6	66	0	
6	67	0	
6	68	0	
6	69	0	
6	70	0	
6	71	0	
6	72	0	
6	73	0	
6	74	0	
6	75	0	
6	76	0	
6	77	0	
6	78	0	
6	79	0	
6	80	0	
6	81	0	
6	82	0	
7	82	0	
7	82	1	
7	82	2	
7	82	3	
7	82	4	
7	82	5	
7	82	6	
7	82	7	
7	82	8	
7	82	9	
7	82	10	
7	82	11	
7	82	12	
7	82	13	
7	82	14	
7	82	15	
7	82	16	
7	82	17	
7	82	18	
7	82	19	
7	82	20	
7	82	21	
7	82	22	
7	82	23	
7	82	24	
7	82	25	
7	82	26	
7	82	27	
7	82	28	
7	82	29	
7	82	30	
7	82	31	
7	82	32	
7	82	33	
7	82	34	
7	82	35	
7	82	36	
7	82	37	
7	82	38	
7	82	39	
7	82	40	
7	82	41	
7	82	42	
8	82	42	
0
88	default	pin_out_88	pin_in_88
8	62	27	
8	63	27	
8	64	27	
8	65	27	
8	66	27	
8	67	27	
8	68	27	
8	69	27	
8	70	27	
8	71	27	
8	72	27	
8	73	27	
8	74	27	
8	75	27	
8	76	27	
8	77	27	
8	78	27	
8	79	27	
8	80	27	
8	81	27	
8	82	27	
8	83	27	
8	84	27	
8	85	27	
8	86	27	
8	87	27	
8	88	27	
8	89	27	
7	89	27	
7	89	28	
7	89	29	
7	89	30	
7	89	31	
7	89	32	
7	89	33	
7	89	34	
7	89	35	
7	89	36	
7	89	37	
7	89	38	
7	89	39	
7	89	40	
7	89	41	
7	89	42	
7	89	43	
7	89	44	
7	89	45	
7	89	46	
7	89	47	
7	89	48	
7	89	49	
7	89	50	
7	89	51	
7	89	52	
7	89	53	
7	89	54	
7	89	55	
7	89	56	
7	89	57	
7	89	58	
7	89	59	
7	89	60	
7	89	61	
7	89	62	
7	89	63	
7	89	64	
7	89	65	
7	89	66	
7	89	67	
7	89	68	
7	89	69	
7	89	70	
7	89	71	
7	89	72	
7	89	73	
7	89	74	
7	89	75	
7	89	76	
7	89	77	
7	89	78	
7	89	79	
7	89	80	
7	89	81	
7	89	82	
7	89	83	
7	89	84	
7	89	85	
7	89	86	
7	89	87	
0
89	1w2s	pin_out_89	pin_in_89
8	50	46	
8	51	46	
8	52	46	
8	53	46	
8	54	46	
8	55	46	
8	56	46	
8	57	46	
8	58	46	
8	59	46	
8	60	46	
8	61	46	
8	62	46	
8	63	46	
8	64	46	
8	65	46	
8	66	46	
8	67	46	
8	68	46	
8	69	46	
8	70	46	
8	71	46	
8	72	46	
8	73	46	
9	73	46	
9	73	47	
9	73	48	
9	73	49	
9	73	50	
9	73	51	
9	73	52	
9	73	53	
9	73	54	
9	73	55	
9	73	56	
9	73	57	
9	73	58	
9	73	59	
9	73	60	
9	73	61	
9	73	62	
9	73	63	
9	73	64	
9	73	65	
9	73	66	
9	73	67	
9	73	68	
9	73	69	
9	73	70	
9	73	71	
9	73	72	
9	73	73	
9	73	74	
9	73	75	
9	73	76	
9	73	77	
9	73	78	
9	73	79	
9	73	80	
9	73	81	
9	73	82	
9	73	83	
9	73	84	
9	73	85	
0
90	1w2s_shield	pin_out_90	pin_in_90
11	81	35	
11	81	36	
11	81	37	
11	81	38	
11	81	39	
11	81	40	
11	81	41	
11	81	42	
11	81	43	
11	81	44	
11	81	45	
11	81	46	
11	81	47	
11	81	48	
11	81	49	
11	81	50	
11	81	51	
11	81	52	
11	81	53	
11	81	54	
11	81	55	
10	81	55	
10	80	55	
10	79	55	
10	78	55	
10	77	55	
10	76	55	
10	75	55	
10	74	55	
10	73	55	
10	72	55	
10	71	55	
10	70	55	
10	69	55	
10	68	55	
10	67	55	
10	66	55	
10	65	55	
10	64	55	
10	63	55	
10	62	55	
10	61	55	
10	60	55	
10	59	55	
10	58	55	
10	57	55	
10	56	55	
10	55	55	
10	54	55	
10	53	55	
10	52	55	
10	51	55	
10	50	55	
10	49	55	
10	48	55	
10	47	55	
10	46	55	
11	46	55	
0
91	default	pin_out_91	pin_in_91
8	64	28	
8	63	28	
8	62	28	
8	61	28	
8	60	28	
8	59	28	
8	58	28	
8	57	28	
8	56	28	
8	55	28	
8	54	28	
8	53	28	
8	52	28	
8	51	28	
8	50	28	
8	49	28	
8	48	28	
8	47	28	
8	46	28	
8	45	28	
8	44	28	
8	43	28	
8	42	28	
8	41	28	
8	40	28	
8	39	28	
8	38	28	
8	37	28	
8	36	28	
7	36	28	
7	36	29	
7	36	30	
7	36	31	
7	36	32	
7	36	33	
7	36	34	
7	36	35	
7	36	36	
7	36	37	
7	36	38	
7	36	39	
7	36	40	
7	36	41	
7	36	42	
7	36	43	
7	36	44	
7	36	45	
7	36	46	
7	36	47	
7	36	48	
7	36	49	
7	36	50	
7	36	51	
7	36	52	
7	36	53	
7	36	54	
7	36	55	
7	36	56	
7	36	57	
0
92	default	pin_out_92	pin_in_92
8	87	87	
8	86	87	
8	85	87	
8	84	87	
8	83	87	
8	82	87	
8	81	87	
8	80	87	
8	79	87	
8	78	87	
8	77	87	
8	76	87	
8	75	87	
8	74	87	
8	73	87	
8	72	87	
8	71	87	
8	70	87	
8	69	87	
8	68	87	
8	67	87	
8	66	87	
8	65	87	
8	64	87	
8	63	87	
8	62	87	
8	61	87	
8	60	87	
8	59	87	
8	58	87	
8	57	87	
8	56	87	
8	55	87	
7	55	87	
7	55	88	
8	55	88	
0
93	default	pin_out_93	pin_in_93
8	53	0	
8	52	0	
8	51	0	
8	50	0	
8	49	0	
8	48	0	
8	47	0	
8	46	0	
8	45	0	
8	44	0	
8	43	0	
8	42	0	
8	41	0	
8	40	0	
8	39	0	
8	38	0	
8	37	0	
8	36	0	
8	35	0	
8	34	0	
8	33	0	
8	32	0	
8	31	0	
8	30	0	
8	29	0	
8	28	0	
8	27	0	
8	26	0	
8	25	0	
8	24	0	
8	23	0	
8	22	0	
8	21	0	
8	20	0	
8	19	0	
8	18	0	
8	17	0	
8	16	0	
8	15	0	
8	14	0	
8	13	0	
8	12	0	
8	11	0	
8	10	0	
8	9	0	
8	8	0	
8	7	0	
8	6	0	
8	5	0	
8	4	0	
8	3	0	
8	2	0	
8	1	0	
7	1	0	
7	1	1	
7	1	2	
7	1	3	
7	1	4	
7	1	5	
7	1	6	
7	1	7	
7	1	8	
7	1	9	
7	1	10	
7	1	11	
7	1	12	
7	1	13	
7	1	14	
7	1	15	
7	1	16	
7	1	17	
7	1	18	
7	1	19	
7	1	20	
7	1	21	
7	1	22	
7	1	23	
7	1	24	
7	1	25	
7	1	26	
7	1	27	
7	1	28	
7	1	29	
7	1	30	
7	1	31	
7	1	32	
7	1	33	
7	1	34	
7	1	35	
7	1	36	
7	1	37	
7	1	38	
7	1	39	
7	1	40	
7	1	41	
7	1	42	
7	1	43	
7	1	44	
7	1	45	
7	1	46	
7	1	47	
7	1	48	
7	1	49	
7	1	50	
7	1	51	
7	1	52	
7	1	53	
7	1	54	
7	1	55	
7	1	56	
7	1	57	
7	1	58	
7	1	59	
7	1	60	
7	1	61	
7	1	62	
7	1	63	
0
94	default	pin_out_94	pin_in_94
8	68	56	
8	69	56	
8	70	56	
8	71	56	
7	71	56	
7	71	57	
7	71	58	
7	71	59	
7	71	60	
7	71	61	
7	71	62	
7	71	63	
7	71	64	
7	71	65	
7	71	66	
7	71	67	
7	71	68	
7	71	69	
7	71	70	
7	71	71	
7	71	72	
7	71	73	
7	71	74	
7	71	75	
7	71	76	
7	71	77	
7	71	78	
7	71	79	
7	71	80	
7	71	81	
7	71	82	
7	71	83	
7	71	84	
7	71	85	
7	71	86	
7	71	87	
7	71	88	
7	71	89	
7	71	90	
0
95	1w2s	pin_out_95	pin_in_95
8	1	4	
8	2	4	
8	3	4	
8	4	4	
8	5	4	
8	6	4	
8	7	4	
8	8	4	
8	9	4	
8	10	4	
8	11	4	
8	12	4	
8	13	4	
8	14	4	
8	15	4	
8	16	4	
8	17	4	
8	18	4	
8	19	4	
8	20	4	
8	21	4	
9	21	4	
9	21	5	
9	21	6	
9	21	7	
9	21	8	
9	21	9	
9	21	10	
9	21	11	
9	21	12	
9	21	13	
9	21	14	
9	21	15	
9	21	16	
9	21	17	
9	21	18	
9	21	19	
9	21	20	
9	21	21	
9	21	22	
9	21	23	
9	21	24	
9	21	25	
9	21	26	
9	21	27	
9	21	28	
9	21	29	
9	21	30	
9	21	31	
9	21	32	
9	21	33	
9	21	34	
9	21	35	
9	21	36	
9	21	37	
9	21	38	
9	21	39	
9	21	40	
9	21	41	
9	21	42	
9	21	43	
9	21	44	
9	21	45	
9	21	46	
9	21	47	
9	21	48	
9	21	49	
9	21	50	
9	21	51	
9	21	52	
9	21	53	
9	21	54	
9	21	55	
9	21	56	
9	21	57	
9	21	58	
9	21	59	
9	21	60	
9	21	61	
9	21	62	
9	21	63	
9	21	64	
9	21	65	
9	21	66	
9	21	67	
9	21	68	
9	21	69	
9	21	70	
9	21	71	
9	21	72	
9	21	73	
9	21	74	
9	21	75	
9	21	76	
0
96	default	pin_out_96	pin_in_96
6	73	2	
6	72	2	
6	71	2	
6	70	2	
6	69	2	
6	68	2	
6	67	2	
6	66	2	
6	65	2	
6	64	2	
6	63	2	
6	62	2	
6	61	2	
6	60	2	
6	59	2	
6	58	2	
6	57	2	
6	56	2	
6	55	2	
6	54	2	
6	53	2	
6	52	2	
6	51	2	
6	50	2	
6	49	2	
6	48	2	
6	47	2	
6	46	2	
6	45	2	
6	44	2	
6	43	2	
6	42	2	
6	41	2	
6	40	2	
6	39	2	
7	39	2	
7	39	3	
7	39	4	
7	39	5	
7	39	6	
7	39	7	
7	39	8	
7	39	9	
7	39	10	
7	39	11	
7	39	12	
7	39	13	
7	39	14	
7	39	15	
6	39	15	
0
97	default	pin_out_97	pin_in_97
9	78	24	
9	78	23	
9	78	22	
9	78	21	
9	78	20	
9	78	19	
9	78	18	
9	78	17	
9	78	16	
9	78	15	
9	78	14	
9	78	13	
9	78	12	
9	78	11	
9	78	10	
9	78	9	
8	78	9	
8	77	9	
8	76	9	
8	75	9	
8	74	9	
8	73	9	
8	72	9	
8	71	9	
8	70	9	
8	69	9	
8	68	9	
8	67	9	
8	66	9	
8	65	9	
8	64	9	
8	63	9	
8	62	9	
8	61	9	
8	60	9	
8	59	9	
8	58	9	
8	57	9	
8	56	9	
8	55	9	
8	54	9	
8	53	9	
8	52	9	
8	51	9	
8	50	9	
8	49	9	
8	48	9	
8	47	9	
8	46	9	
8	45	9	
8	44	9	
8	43	9	
8	42	9	
8	41	9	
8	40	9	
8	39	9	
8	38	9	
8	37	9	
8	36	9	
8	35	9	
8	34	9	
8	33	9	
8	32	9	
8	31	9	
8	30	9	
8	29	9	
8	28	9	
8	27	9	
8	26	9	
8	25	9	
8	24	9	
8	23	9	
8	22	9	
8	21	9	
9	21	9	
0
98	default	pin_out_98	pin_in_98
6	53	31	
6	52	31	
6	51	31	
6	50	31	
6	49	31	
6	48	31	
6	47	31	
6	46	31	
6	45	31	
6	44	31	
6	43	31	
6	42	31	
6	41	31	
6	40	31	
6	39	31	
6	38	31	
6	37	31	
6	36	31	
6	35	31	
6	34	31	
6	33	31	
6	32	31	
6	31	31	
6	30	31	
6	29	31	
6	28	31	
6	27	31	
6	26	31	
6	25	31	
6	24	31	
6	23	31	
6	22	31	
6	21	31	
6	20	31	
6	19	31	
6	18	31	
6	17	31	
7	17	31	
7	17	32	
7	17	33	
7	17	34	
7	17	35	
7	17	36	
7	17	37	
7	17	38	
7	17	39	
7	17	40	
7	17	41	
7	17	42	
7	17	43	
7	17	44	
7	17	45	
7	17	46	
7	17	47	
7	17	48	
7	17	49	
7	17	50	
7	17	51	
7	17	52	
7	17	53	
7	17	54	
7	17	55	
7	17	56	
7	17	57	
7	17	58	
7	17	59	
7	17	60	
7	17	61	
7	17	62	
7	17	63	
7	17	64	
7	17	65	
7	17	66	
7	17	67	
7	17	68	
7	17	69	
7	17	70	
7	17	71	
0
99	default	pin_out_99	pin_in_99
9	47	49	
9	47	50	
9	47	51	
9	47	52	
9	47	53	
9	47	54	
9	47	55	
9	47	56	
9	47	57	
9	47	58	
9	47	59	
9	47	60	
9	47	61	
9	47	62	
9	47	63	
9	47	64	
9	47	65	
9	47	66	
9	47	67	
9	47	68	
9	47	69	
9	47	70	
9	47	71	
9	47	72	
9	47	73	
9	47	74	
9	47	75	
9	47	76	
9	47	77	
9	47	78	
9	47	79	
9	47	80	
9	47	81	
9	47	82	
9	47	83	
9	47	84	
9	47	85	
8	47	85	
8	48	85	
8	49	85	
8	50	85	
8	51	85	
8	52	85	
8	53	85	
8	54	85	
8	55	85	
8	56	85	
8	57	85	
0
100	default	pin_out_100	pin_in_100
7	1	52	
7	1	51	
7	1	50	
7	1	49	
7	1	48	
7	1	47	
7	1	46	
7	1	45	
7	1	44	
7	1	43	
7	1	42	
7	1	41	
7	1	40	
7	1	39	
7	1	38	
7	1	37	
7	1	36	
7	1	35	
7	1	34	
7	1	33	
7	1	32	
7	1	31	
7	1	30	
7	1	29	
7	1	28	
6	1	28	
6	2	28	
6	3	28	
6	4	28	
6	5	28	
6	6	28	
6	7	28	
6	8	28	
6	9	28	
6	10	28	
6	11	28	
6	12	28	
6	13	28	
6	14	28	
6	15	28	
6	16	28	
6	17	28	
6	18	28	
6	19	28	
6	20	28	
6	21	28	
6	22	28	
6	23	28	
6	24	28	
6	25	28	
6	26	28	
6	27	28	
6	28	28	
6	29	28	
6	30	28	
6	31	28	
6	32	28	
6	33	28	
6	34	28	
6	35	28	
6	36	28	
6	37	28	
6	38	28	
6	39	28	
6	40	28	
6	41	28	
6	42	28	
6	43	28	
6	44	28	
6	45	28	
6	46	28	
6	47	28	
6	48	28	
6	49	28	
6	50	28	
6	51	28	
6	52	28	
7	52	28	
0
