1	default	pin_out_1	pin_in_1
8	66	24	
8	65	24	
8	64	24	
8	63	24	
8	62	24	
8	61	24	
8	60	24	
8	59	24	
8	58	24	
8	57	24	
8	56	24	
8	55	24	
8	54	24	
8	53	24	
8	52	24	
8	51	24	
8	50	24	
8	49	24	
8	48	24	
8	47	24	
8	46	24	
8	45	24	
8	44	24	
8	43	24	
8	42	24	
8	41	24	
8	40	24	
8	39	24	
8	38	24	
8	37	24	
8	36	24	
8	35	24	
8	34	24	
8	33	24	
8	32	24	
8	31	24	
8	30	24	
8	29	24	
8	28	24	
8	27	24	
8	26	24	
8	25	24	
8	24	24	
8	23	24	
8	22	24	
8	21	24	
8	20	24	
8	19	24	
8	18	24	
8	17	24	
8	16	24	
8	15	24	
8	14	24	
8	13	24	
8	12	24	
8	11	24	
8	10	24	
8	9	24	
8	8	24	
8	7	24	
8	6	24	
8	5	24	
8	4	24	
8	3	24	
8	2	24	
8	1	24	
8	0	24	
7	0	24	
7	0	25	
7	0	26	
7	0	27	
7	0	28	
7	0	29	
7	0	30	
7	0	31	
8	0	31	
0
2	default	pin_out_2	pin_in_2
9	0	31	
9	0	30	
9	0	29	
9	0	28	
9	0	27	
9	0	26	
9	0	25	
9	0	24	
9	0	23	
9	0	22	
9	0	21	
8	0	21	
8	1	21	
8	2	21	
8	3	21	
8	4	21	
8	5	21	
8	6	21	
8	7	21	
8	8	21	
8	9	21	
8	10	21	
8	11	21	
8	12	21	
8	13	21	
8	14	21	
8	15	21	
8	16	21	
8	17	21	
8	18	21	
8	19	21	
8	20	21	
8	21	21	
8	22	21	
8	23	21	
8	24	21	
8	25	21	
8	26	21	
8	27	21	
8	28	21	
8	29	21	
8	30	21	
8	31	21	
8	32	21	
8	33	21	
8	34	21	
8	35	21	
8	36	21	
8	37	21	
8	38	21	
8	39	21	
8	40	21	
8	41	21	
8	42	21	
8	43	21	
8	44	21	
8	45	21	
8	46	21	
8	47	21	
8	48	21	
8	49	21	
8	50	21	
8	51	21	
8	52	21	
8	53	21	
8	54	21	
8	55	21	
8	56	21	
8	57	21	
8	58	21	
8	59	21	
8	60	21	
8	61	21	
8	62	21	
8	63	21	
8	64	21	
8	65	21	
8	66	21	
9	66	21	
0
3	default	pin_out_3	pin_in_3
10	66	21	
0
4	default	pin_out_4	pin_in_4
8	29	7	
8	30	7	
8	31	7	
9	31	7	
9	31	8	
9	31	9	
9	31	10	
9	31	11	
9	31	12	
9	31	13	
9	31	14	
9	31	15	
9	31	16	
9	31	17	
9	31	18	
9	31	19	
9	31	20	
9	31	21	
9	31	22	
9	31	23	
9	31	24	
9	31	25	
9	31	26	
9	31	27	
9	31	28	
9	31	29	
9	31	30	
9	31	31	
9	31	32	
9	31	33	
9	31	34	
9	31	35	
9	31	36	
9	31	37	
9	31	38	
9	31	39	
9	31	40	
9	31	41	
9	31	42	
9	31	43	
9	31	44	
9	31	45	
9	31	46	
9	31	47	
9	31	48	
9	31	49	
9	31	50	
9	31	51	
9	31	52	
9	31	53	
9	31	54	
9	31	55	
9	31	56	
9	31	57	
9	31	58	
9	31	59	
9	31	60	
9	31	61	
9	31	62	
9	31	63	
9	31	64	
9	31	65	
9	31	66	
9	31	67	
9	31	68	
9	31	69	
9	31	70	
9	31	71	
9	31	72	
9	31	73	
9	31	74	
9	31	75	
9	31	76	
9	31	77	
9	31	78	
9	31	79	
9	31	80	
9	31	81	
9	31	82	
9	31	83	
9	31	84	
9	31	85	
9	31	86	
9	31	87	
9	31	88	
9	31	89	
9	31	90	
9	31	91	
0
5	default	pin_out_5	pin_in_5
9	1	28	
9	1	29	
9	1	30	
9	1	31	
9	1	32	
9	1	33	
9	1	34	
9	1	35	
9	1	36	
9	1	37	
9	1	38	
9	1	39	
9	1	40	
9	1	41	
9	1	42	
9	1	43	
9	1	44	
9	1	45	
9	1	46	
9	1	47	
9	1	48	
9	1	49	
9	1	50	
9	1	51	
9	1	52	
9	1	53	
9	1	54	
9	1	55	
9	1	56	
9	1	57	
9	1	58	
9	1	59	
9	1	60	
9	1	61	
9	1	62	
9	1	63	
9	1	64	
9	1	65	
9	1	66	
9	1	67	
9	1	68	
9	1	69	
9	1	70	
9	1	71	
9	1	72	
9	1	73	
9	1	74	
9	1	75	
9	1	76	
9	1	77	
9	1	78	
9	1	79	
9	1	80	
9	1	81	
9	1	82	
9	1	83	
9	1	84	
9	1	85	
9	1	86	
9	1	87	
9	1	88	
9	1	89	
9	1	90	
9	1	91	
9	1	92	
8	1	92	
8	2	92	
8	3	92	
8	4	92	
8	5	92	
8	6	92	
8	7	92	
8	8	92	
8	9	92	
8	10	92	
8	11	92	
8	12	92	
8	13	92	
8	14	92	
8	15	92	
8	16	92	
8	17	92	
8	18	92	
8	19	92	
8	20	92	
8	21	92	
8	22	92	
8	23	92	
8	24	92	
8	25	92	
8	26	92	
8	27	92	
8	28	92	
8	29	92	
8	30	92	
8	31	92	
8	32	92	
8	33	92	
8	34	92	
8	35	92	
8	36	92	
8	37	92	
8	38	92	
8	39	92	
8	40	92	
8	41	92	
8	42	92	
8	43	92	
8	44	92	
8	45	92	
8	46	92	
8	47	92	
8	48	92	
8	49	92	
8	50	92	
8	51	92	
8	52	92	
8	53	92	
8	54	92	
8	55	92	
8	56	92	
8	57	92	
8	58	92	
8	59	92	
8	60	92	
8	61	92	
8	62	92	
8	63	92	
8	64	92	
8	65	92	
8	66	92	
8	67	92	
8	68	92	
8	69	92	
8	70	92	
8	71	92	
8	72	92	
8	73	92	
8	74	92	
8	75	92	
9	75	92	
0
6	1w2s_shield	pin_out_6	pin_in_6
11	25	36	
11	25	35	
11	25	34	
11	25	33	
11	25	32	
11	25	31	
11	25	30	
11	25	29	
11	25	28	
11	25	27	
11	25	26	
11	25	25	
11	25	24	
11	25	23	
11	25	22	
11	25	21	
11	25	20	
10	25	20	
10	26	20	
10	27	20	
10	28	20	
10	29	20	
10	30	20	
10	31	20	
10	32	20	
10	33	20	
10	34	20	
10	35	20	
10	36	20	
10	37	20	
10	38	20	
10	39	20	
10	40	20	
10	41	20	
10	42	20	
10	43	20	
10	44	20	
10	45	20	
10	46	20	
10	47	20	
10	48	20	
10	49	20	
10	50	20	
10	51	20	
10	52	20	
10	53	20	
10	54	20	
10	55	20	
10	56	20	
10	57	20	
10	58	20	
10	59	20	
11	59	20	
0
7	1w2s_shield	pin_out_7	pin_in_7
11	77	33	
11	77	32	
11	77	31	
11	77	30	
11	77	29	
11	77	28	
11	77	27	
11	77	26	
11	77	25	
11	77	24	
11	77	23	
10	77	23	
10	76	23	
10	75	23	
10	74	23	
10	73	23	
10	72	23	
10	71	23	
10	70	23	
10	69	23	
10	68	23	
10	67	23	
10	66	23	
10	65	23	
10	64	23	
10	63	23	
10	62	23	
10	61	23	
10	60	23	
10	59	23	
10	58	23	
10	57	23	
10	56	23	
10	55	23	
10	54	23	
10	53	23	
10	52	23	
10	51	23	
10	50	23	
10	49	23	
10	48	23	
10	47	23	
10	46	23	
10	45	23	
10	44	23	
10	43	23	
10	42	23	
10	41	23	
10	40	23	
10	39	23	
10	38	23	
10	37	23	
10	36	23	
10	35	23	
10	34	23	
10	33	23	
10	32	23	
10	31	23	
10	30	23	
10	29	23	
10	28	23	
10	27	23	
10	26	23	
10	25	23	
10	24	23	
10	23	23	
10	22	23	
10	21	23	
10	20	23	
10	19	23	
10	18	23	
10	17	23	
10	16	23	
10	15	23	
10	14	23	
10	13	23	
10	12	23	
10	11	23	
10	10	23	
10	9	23	
10	8	23	
11	8	23	
0
8	1w2s	pin_out_8	pin_in_8
8	25	62	
8	26	62	
8	27	62	
8	28	62	
8	29	62	
8	30	62	
8	31	62	
8	32	62	
9	32	62	
9	32	61	
9	32	60	
9	32	59	
9	32	58	
9	32	57	
9	32	56	
9	32	55	
9	32	54	
9	32	53	
9	32	52	
9	32	51	
9	32	50	
9	32	49	
9	32	48	
9	32	47	
9	32	46	
9	32	45	
9	32	44	
0
9	default	pin_out_9	pin_in_9
6	1	57	
6	2	57	
6	3	57	
6	4	57	
6	5	57	
6	6	57	
6	7	57	
6	8	57	
6	9	57	
6	10	57	
6	11	57	
6	12	57	
6	13	57	
6	14	57	
6	15	57	
6	16	57	
6	17	57	
6	18	57	
6	19	57	
6	20	57	
6	21	57	
6	22	57	
6	23	57	
6	24	57	
6	25	57	
6	26	57	
6	27	57	
6	28	57	
6	29	57	
6	30	57	
6	31	57	
6	32	57	
6	33	57	
6	34	57	
6	35	57	
6	36	57	
6	37	57	
6	38	57	
6	39	57	
6	40	57	
6	41	57	
6	42	57	
6	43	57	
6	44	57	
6	45	57	
6	46	57	
6	47	57	
6	48	57	
6	49	57	
6	50	57	
6	51	57	
6	52	57	
6	53	57	
6	54	57	
6	55	57	
6	56	57	
6	57	57	
6	58	57	
6	59	57	
6	60	57	
6	61	57	
6	62	57	
6	63	57	
6	64	57	
6	65	57	
6	66	57	
6	67	57	
6	68	57	
6	69	57	
6	70	57	
6	71	57	
6	72	57	
7	72	57	
7	72	56	
7	72	55	
7	72	54	
7	72	53	
7	72	52	
7	72	51	
7	72	50	
7	72	49	
7	72	48	
7	72	47	
7	72	46	
7	72	45	
7	72	44	
7	72	43	
7	72	42	
7	72	41	
7	72	40	
7	72	39	
7	72	38	
7	72	37	
7	72	36	
7	72	35	
7	72	34	
7	72	33	
7	72	32	
7	72	31	
7	72	30	
7	72	29	
0
10	1w2s_shield	pin_out_10	pin_in_10
11	91	14	
11	91	15	
11	91	16	
11	91	17	
11	91	18	
11	91	19	
11	91	20	
11	91	21	
11	91	22	
11	91	23	
11	91	24	
11	91	25	
11	91	26	
11	91	27	
11	91	28	
11	91	29	
11	91	30	
11	91	31	
11	91	32	
11	91	33	
11	91	34	
11	91	35	
11	91	36	
11	91	37	
11	91	38	
11	91	39	
11	91	40	
11	91	41	
11	91	42	
11	91	43	
11	91	44	
11	91	45	
11	91	46	
11	91	47	
11	91	48	
11	91	49	
11	91	50	
11	91	51	
11	91	52	
11	91	53	
11	91	54	
11	91	55	
11	91	56	
11	91	57	
11	91	58	
11	91	59	
11	91	60	
11	91	61	
11	91	62	
11	91	63	
11	91	64	
11	91	65	
11	91	66	
11	91	67	
11	91	68	
11	91	69	
11	91	70	
11	91	71	
11	91	72	
11	91	73	
11	91	74	
11	91	75	
11	91	76	
11	91	77	
11	91	78	
11	91	79	
11	91	80	
11	91	81	
11	91	82	
11	91	83	
11	91	84	
11	91	85	
11	91	86	
10	91	86	
10	90	86	
10	89	86	
10	88	86	
10	87	86	
10	86	86	
10	85	86	
10	84	86	
10	83	86	
10	82	86	
10	81	86	
10	80	86	
10	79	86	
10	78	86	
10	77	86	
10	76	86	
10	75	86	
10	74	86	
10	73	86	
10	72	86	
10	71	86	
10	70	86	
10	69	86	
10	68	86	
10	67	86	
10	66	86	
10	65	86	
10	64	86	
10	63	86	
10	62	86	
10	61	86	
10	60	86	
10	59	86	
10	58	86	
10	57	86	
10	56	86	
10	55	86	
10	54	86	
10	53	86	
10	52	86	
10	51	86	
10	50	86	
11	50	86	
0
11	default	pin_out_11	pin_in_11
8	57	89	
7	57	89	
7	57	88	
7	57	87	
7	57	86	
7	57	85	
7	57	84	
7	57	83	
7	57	82	
7	57	81	
7	57	80	
7	57	79	
7	57	78	
7	57	77	
7	57	76	
7	57	75	
7	57	74	
7	57	73	
7	57	72	
7	57	71	
7	57	70	
6	57	70	
6	56	70	
6	55	70	
6	54	70	
6	53	70	
6	52	70	
6	51	70	
6	50	70	
6	49	70	
6	48	70	
6	47	70	
6	46	70	
6	45	70	
6	44	70	
6	43	70	
6	42	70	
6	41	70	
6	40	70	
6	39	70	
6	38	70	
6	37	70	
6	36	70	
6	35	70	
6	34	70	
6	33	70	
6	32	70	
6	31	70	
6	30	70	
6	29	70	
6	28	70	
6	27	70	
6	26	70	
6	25	70	
6	24	70	
6	23	70	
6	22	70	
6	21	70	
6	20	70	
6	19	70	
6	18	70	
6	17	70	
6	16	70	
6	15	70	
6	14	70	
6	13	70	
6	12	70	
6	11	70	
6	10	70	
6	9	70	
6	8	70	
6	7	70	
6	6	70	
6	5	70	
6	4	70	
6	3	70	
6	2	70	
6	1	70	
0
12	1w2s_shield	pin_out_12	pin_in_12
10	73	8	
10	72	8	
10	71	8	
10	70	8	
10	69	8	
10	68	8	
10	67	8	
10	66	8	
10	65	8	
10	64	8	
10	63	8	
10	62	8	
10	61	8	
10	60	8	
10	59	8	
10	58	8	
10	57	8	
10	56	8	
10	55	8	
10	54	8	
10	53	8	
10	52	8	
10	51	8	
10	50	8	
10	49	8	
10	48	8	
10	47	8	
10	46	8	
10	45	8	
10	44	8	
10	43	8	
10	42	8	
10	41	8	
10	40	8	
10	39	8	
11	39	8	
11	39	9	
11	39	10	
11	39	11	
11	39	12	
11	39	13	
11	39	14	
11	39	15	
11	39	16	
11	39	17	
11	39	18	
11	39	19	
11	39	20	
11	39	21	
11	39	22	
11	39	23	
11	39	24	
11	39	25	
11	39	26	
11	39	27	
11	39	28	
10	39	28	
0
13	default	pin_out_13	pin_in_13
8	51	69	
7	51	69	
7	51	68	
7	51	67	
7	51	66	
7	51	65	
7	51	64	
7	51	63	
7	51	62	
7	51	61	
7	51	60	
7	51	59	
7	51	58	
7	51	57	
7	51	56	
7	51	55	
7	51	54	
7	51	53	
7	51	52	
7	51	51	
7	51	50	
7	51	49	
7	51	48	
7	51	47	
7	51	46	
7	51	45	
7	51	44	
7	51	43	
7	51	42	
7	51	41	
7	51	40	
7	51	39	
7	51	38	
7	51	37	
7	51	36	
7	51	35	
7	51	34	
7	51	33	
7	51	32	
7	51	31	
7	51	30	
7	51	29	
7	51	28	
7	51	27	
7	51	26	
7	51	25	
7	51	24	
7	51	23	
7	51	22	
7	51	21	
7	51	20	
7	51	19	
7	51	18	
7	51	17	
7	51	16	
7	51	15	
7	51	14	
7	51	13	
7	51	12	
7	51	11	
6	51	11	
6	50	11	
6	49	11	
6	48	11	
6	47	11	
6	46	11	
6	45	11	
6	44	11	
6	43	11	
6	42	11	
6	41	11	
6	40	11	
6	39	11	
6	38	11	
6	37	11	
6	36	11	
6	35	11	
6	34	11	
0
14	1w2s	pin_out_14	pin_in_14
8	84	5	
8	83	5	
8	82	5	
8	81	5	
8	80	5	
8	79	5	
8	78	5	
8	77	5	
8	76	5	
8	75	5	
8	74	5	
8	73	5	
8	72	5	
8	71	5	
8	70	5	
8	69	5	
8	68	5	
8	67	5	
8	66	5	
8	65	5	
8	64	5	
8	63	5	
8	62	5	
8	61	5	
8	60	5	
8	59	5	
8	58	5	
8	57	5	
8	56	5	
8	55	5	
8	54	5	
8	53	5	
8	52	5	
8	51	5	
8	50	5	
8	49	5	
8	48	5	
8	47	5	
8	46	5	
8	45	5	
8	44	5	
8	43	5	
8	42	5	
8	41	5	
8	40	5	
8	39	5	
8	38	5	
8	37	5	
8	36	5	
8	35	5	
9	35	5	
9	35	6	
9	35	7	
9	35	8	
9	35	9	
9	35	10	
9	35	11	
9	35	12	
9	35	13	
9	35	14	
9	35	15	
9	35	16	
9	35	17	
9	35	18	
9	35	19	
9	35	20	
9	35	21	
9	35	22	
9	35	23	
9	35	24	
9	35	25	
9	35	26	
9	35	27	
9	35	28	
9	35	29	
9	35	30	
9	35	31	
9	35	32	
9	35	33	
9	35	34	
9	35	35	
9	35	36	
9	35	37	
9	35	38	
9	35	39	
9	35	40	
9	35	41	
9	35	42	
9	35	43	
9	35	44	
9	35	45	
9	35	46	
9	35	47	
9	35	48	
9	35	49	
9	35	50	
9	35	51	
9	35	52	
9	35	53	
9	35	54	
9	35	55	
9	35	56	
9	35	57	
9	35	58	
9	35	59	
9	35	60	
9	35	61	
9	35	62	
9	35	63	
9	35	64	
9	35	65	
9	35	66	
9	35	67	
9	35	68	
9	35	69	
9	35	70	
9	35	71	
9	35	72	
9	35	73	
9	35	74	
9	35	75	
9	35	76	
9	35	77	
9	35	78	
9	35	79	
9	35	80	
9	35	81	
9	35	82	
9	35	83	
9	35	84	
9	35	85	
9	35	86	
9	35	87	
9	35	88	
8	35	88	
0
15	default	pin_out_15	pin_in_15
8	77	0	
8	76	0	
8	75	0	
8	74	0	
8	73	0	
8	72	0	
8	71	0	
8	70	0	
8	69	0	
8	68	0	
8	67	0	
8	66	0	
8	65	0	
7	65	0	
7	65	1	
7	65	2	
7	65	3	
7	65	4	
7	65	5	
7	65	6	
7	65	7	
7	65	8	
7	65	9	
7	65	10	
7	65	11	
7	65	12	
7	65	13	
7	65	14	
7	65	15	
7	65	16	
7	65	17	
7	65	18	
7	65	19	
7	65	20	
7	65	21	
7	65	22	
7	65	23	
7	65	24	
7	65	25	
7	65	26	
7	65	27	
7	65	28	
7	65	29	
7	65	30	
7	65	31	
7	65	32	
7	65	33	
7	65	34	
7	65	35	
7	65	36	
7	65	37	
7	65	38	
7	65	39	
7	65	40	
7	65	41	
7	65	42	
7	65	43	
7	65	44	
7	65	45	
7	65	46	
7	65	47	
7	65	48	
7	65	49	
7	65	50	
7	65	51	
7	65	52	
7	65	53	
7	65	54	
7	65	55	
7	65	56	
7	65	57	
7	65	58	
7	65	59	
7	65	60	
7	65	61	
7	65	62	
7	65	63	
7	65	64	
7	65	65	
7	65	66	
7	65	67	
7	65	68	
7	65	69	
7	65	70	
7	65	71	
7	65	72	
7	65	73	
7	65	74	
7	65	75	
7	65	76	
7	65	77	
0
16	default	pin_out_16	pin_in_16
9	42	36	
9	42	37	
9	42	38	
9	42	39	
9	42	40	
9	42	41	
9	42	42	
9	42	43	
9	42	44	
9	42	45	
9	42	46	
9	42	47	
9	42	48	
9	42	49	
9	42	50	
9	42	51	
9	42	52	
9	42	53	
9	42	54	
9	42	55	
9	42	56	
9	42	57	
9	42	58	
9	42	59	
9	42	60	
9	42	61	
9	42	62	
9	42	63	
9	42	64	
9	42	65	
9	42	66	
9	42	67	
9	42	68	
9	42	69	
9	42	70	
9	42	71	
9	42	72	
9	42	73	
9	42	74	
9	42	75	
9	42	76	
9	42	77	
9	42	78	
9	42	79	
9	42	80	
9	42	81	
9	42	82	
9	42	83	
9	42	84	
9	42	85	
9	42	86	
9	42	87	
9	42	88	
9	42	89	
9	42	90	
9	42	91	
9	42	92	
9	42	93	
9	42	94	
9	42	95	
9	42	96	
8	42	96	
8	41	96	
8	40	96	
8	39	96	
8	38	96	
8	37	96	
8	36	96	
8	35	96	
8	34	96	
8	33	96	
8	32	96	
8	31	96	
8	30	96	
9	30	96	
0
17	default	pin_out_17	pin_in_17
7	28	47	
7	28	46	
7	28	45	
7	28	44	
7	28	43	
7	28	42	
7	28	41	
7	28	40	
7	28	39	
7	28	38	
7	28	37	
7	28	36	
7	28	35	
7	28	34	
7	28	33	
7	28	32	
7	28	31	
7	28	30	
7	28	29	
7	28	28	
8	28	28	
8	27	28	
8	26	28	
8	25	28	
8	24	28	
8	23	28	
8	22	28	
8	21	28	
8	20	28	
8	19	28	
8	18	28	
8	17	28	
8	16	28	
8	15	28	
8	14	28	
8	13	28	
8	12	28	
8	11	28	
8	10	28	
8	9	28	
8	8	28	
8	7	28	
8	6	28	
8	5	28	
8	4	28	
8	3	28	
8	2	28	
8	1	28	
8	0	28	
9	0	28	
0
18	1w2s	pin_out_18	pin_in_18
9	54	47	
9	54	46	
9	54	45	
9	54	44	
9	54	43	
9	54	42	
9	54	41	
9	54	40	
9	54	39	
9	54	38	
9	54	37	
9	54	36	
9	54	35	
9	54	34	
9	54	33	
9	54	32	
9	54	31	
9	54	30	
9	54	29	
9	54	28	
9	54	27	
9	54	26	
9	54	25	
9	54	24	
9	54	23	
9	54	22	
9	54	21	
9	54	20	
8	54	20	
8	53	20	
8	52	20	
8	51	20	
8	50	20	
8	49	20	
8	48	20	
8	47	20	
8	46	20	
8	45	20	
8	44	20	
8	43	20	
8	42	20	
8	41	20	
8	40	20	
8	39	20	
8	38	20	
8	37	20	
8	36	20	
8	35	20	
8	34	20	
9	34	20	
0
19	1w2s_shield	pin_out_19	pin_in_19
10	30	22	
10	31	22	
10	32	22	
10	33	22	
10	34	22	
10	35	22	
10	36	22	
10	37	22	
10	38	22	
10	39	22	
10	40	22	
10	41	22	
10	42	22	
10	43	22	
10	44	22	
10	45	22	
10	46	22	
10	47	22	
10	48	22	
11	48	22	
11	48	21	
11	48	20	
11	48	19	
11	48	18	
11	48	17	
11	48	16	
0
20	default	pin_out_20	pin_in_20
9	78	44	
9	78	43	
9	78	42	
9	78	41	
9	78	40	
9	78	39	
9	78	38	
9	78	37	
9	78	36	
9	78	35	
8	78	35	
8	77	35	
8	76	35	
8	75	35	
8	74	35	
8	73	35	
8	72	35	
9	72	35	
0
21	default	pin_out_21	pin_in_21
7	63	36	
7	63	37	
7	63	38	
7	63	39	
7	63	40	
7	63	41	
7	63	42	
7	63	43	
7	63	44	
7	63	45	
7	63	46	
7	63	47	
7	63	48	
7	63	49	
7	63	50	
7	63	51	
7	63	52	
7	63	53	
7	63	54	
7	63	55	
7	63	56	
7	63	57	
7	63	58	
8	63	58	
8	64	58	
8	65	58	
8	66	58	
8	67	58	
8	68	58	
8	69	58	
8	70	58	
8	71	58	
8	72	58	
8	73	58	
8	74	58	
8	75	58	
8	76	58	
8	77	58	
8	78	58	
8	79	58	
8	80	58	
8	81	58	
8	82	58	
8	83	58	
8	84	58	
8	85	58	
8	86	58	
8	87	58	
8	88	58	
9	88	58	
0
22	default	pin_out_22	pin_in_22
8	18	82	
8	19	82	
8	20	82	
8	21	82	
8	22	82	
8	23	82	
8	24	82	
8	25	82	
8	26	82	
8	27	82	
8	28	82	
8	29	82	
8	30	82	
8	31	82	
8	32	82	
8	33	82	
8	34	82	
8	35	82	
8	36	82	
8	37	82	
8	38	82	
8	39	82	
8	40	82	
8	41	82	
8	42	82	
8	43	82	
8	44	82	
8	45	82	
8	46	82	
8	47	82	
8	48	82	
8	49	82	
8	50	82	
8	51	82	
8	52	82	
8	53	82	
8	54	82	
8	55	82	
8	56	82	
8	57	82	
8	58	82	
8	59	82	
8	60	82	
8	61	82	
8	62	82	
8	63	82	
8	64	82	
8	65	82	
8	66	82	
8	67	82	
8	68	82	
8	69	82	
8	70	82	
9	70	82	
9	70	83	
9	70	84	
9	70	85	
9	70	86	
9	70	87	
0
23	default	pin_out_23	pin_in_23
8	6	53	
8	7	53	
8	8	53	
8	9	53	
8	10	53	
8	11	53	
7	11	53	
7	11	52	
7	11	51	
7	11	50	
7	11	49	
7	11	48	
7	11	47	
7	11	46	
7	11	45	
7	11	44	
7	11	43	
7	11	42	
7	11	41	
7	11	40	
7	11	39	
7	11	38	
7	11	37	
7	11	36	
7	11	35	
7	11	34	
7	11	33	
7	11	32	
7	11	31	
7	11	30	
7	11	29	
7	11	28	
7	11	27	
7	11	26	
7	11	25	
7	11	24	
7	11	23	
7	11	22	
7	11	21	
7	11	20	
7	11	19	
7	11	18	
7	11	17	
7	11	16	
7	11	15	
7	11	14	
7	11	13	
7	11	12	
7	11	11	
7	11	10	
7	11	9	
7	11	8	
0
24	default	pin_out_24	pin_in_24
9	40	30	
9	40	31	
9	40	32	
9	40	33	
9	40	34	
9	40	35	
9	40	36	
9	40	37	
9	40	38	
9	40	39	
9	40	40	
9	40	41	
9	40	42	
9	40	43	
9	40	44	
9	40	45	
9	40	46	
9	40	47	
9	40	48	
9	40	49	
9	40	50	
9	40	51	
9	40	52	
9	40	53	
9	40	54	
9	40	55	
9	40	56	
9	40	57	
9	40	58	
9	40	59	
9	40	60	
9	40	61	
9	40	62	
9	40	63	
9	40	64	
9	40	65	
9	40	66	
9	40	67	
9	40	68	
9	40	69	
9	40	70	
9	40	71	
9	40	72	
9	40	73	
9	40	74	
9	40	75	
9	40	76	
9	40	77	
9	40	78	
9	40	79	
9	40	80	
9	40	81	
9	40	82	
9	40	83	
9	40	84	
9	40	85	
8	40	85	
8	41	85	
8	42	85	
8	43	85	
8	44	85	
8	45	85	
8	46	85	
8	47	85	
8	48	85	
8	49	85	
8	50	85	
8	51	85	
8	52	85	
8	53	85	
8	54	85	
8	55	85	
8	56	85	
8	57	85	
8	58	85	
8	59	85	
8	60	85	
8	61	85	
8	62	85	
8	63	85	
8	64	85	
8	65	85	
8	66	85	
8	67	85	
8	68	85	
8	69	85	
8	70	85	
8	71	85	
8	72	85	
8	73	85	
8	74	85	
8	75	85	
8	76	85	
8	77	85	
8	78	85	
8	79	85	
8	80	85	
8	81	85	
8	82	85	
8	83	85	
8	84	85	
8	85	85	
8	86	85	
8	87	85	
0
25	1w2s_shield	pin_out_25	pin_in_25
10	74	37	
11	74	37	
11	74	38	
11	74	39	
11	74	40	
11	74	41	
11	74	42	
11	74	43	
11	74	44	
11	74	45	
11	74	46	
11	74	47	
11	74	48	
11	74	49	
11	74	50	
11	74	51	
11	74	52	
11	74	53	
11	74	54	
11	74	55	
11	74	56	
11	74	57	
11	74	58	
11	74	59	
11	74	60	
10	74	60	
10	75	60	
10	76	60	
0
26	1w2s	pin_out_26	pin_in_26
8	37	29	
9	37	29	
9	37	30	
9	37	31	
9	37	32	
9	37	33	
9	37	34	
9	37	35	
9	37	36	
9	37	37	
9	37	38	
9	37	39	
9	37	40	
9	37	41	
9	37	42	
9	37	43	
9	37	44	
9	37	45	
9	37	46	
9	37	47	
9	37	48	
9	37	49	
9	37	50	
9	37	51	
9	37	52	
9	37	53	
9	37	54	
9	37	55	
9	37	56	
9	37	57	
9	37	58	
9	37	59	
9	37	60	
9	37	61	
9	37	62	
9	37	63	
9	37	64	
9	37	65	
9	37	66	
9	37	67	
9	37	68	
9	37	69	
9	37	70	
9	37	71	
9	37	72	
9	37	73	
9	37	74	
9	37	75	
9	37	76	
9	37	77	
9	37	78	
9	37	79	
9	37	80	
9	37	81	
9	37	82	
9	37	83	
9	37	84	
8	37	84	
8	38	84	
8	39	84	
8	40	84	
8	41	84	
8	42	84	
8	43	84	
8	44	84	
8	45	84	
8	46	84	
8	47	84	
8	48	84	
8	49	84	
8	50	84	
8	51	84	
0
27	default	pin_out_27	pin_in_27
8	87	0	
8	86	0	
8	85	0	
8	84	0	
8	83	0	
8	82	0	
8	81	0	
8	80	0	
8	79	0	
8	78	0	
8	77	0	
8	76	0	
8	75	0	
8	74	0	
8	73	0	
8	72	0	
8	71	0	
8	70	0	
8	69	0	
8	68	0	
8	67	0	
8	66	0	
8	65	0	
8	64	0	
8	63	0	
8	62	0	
8	61	0	
8	60	0	
8	59	0	
8	58	0	
8	57	0	
8	56	0	
8	55	0	
8	54	0	
8	53	0	
9	53	0	
9	53	1	
9	53	2	
9	53	3	
9	53	4	
9	53	5	
9	53	6	
9	53	7	
9	53	8	
9	53	9	
9	53	10	
9	53	11	
9	53	12	
9	53	13	
9	53	14	
9	53	15	
9	53	16	
9	53	17	
9	53	18	
9	53	19	
9	53	20	
9	53	21	
9	53	22	
9	53	23	
9	53	24	
9	53	25	
9	53	26	
9	53	27	
9	53	28	
9	53	29	
9	53	30	
9	53	31	
9	53	32	
9	53	33	
9	53	34	
9	53	35	
9	53	36	
9	53	37	
9	53	38	
9	53	39	
9	53	40	
9	53	41	
9	53	42	
9	53	43	
9	53	44	
9	53	45	
9	53	46	
0
28	default	pin_out_28	pin_in_28
7	63	35	
7	63	34	
7	63	33	
7	63	32	
7	63	31	
7	63	30	
7	63	29	
7	63	28	
8	63	28	
8	62	28	
8	61	28	
8	60	28	
8	59	28	
8	58	28	
8	57	28	
8	56	28	
8	55	28	
8	54	28	
8	53	28	
8	52	28	
8	51	28	
8	50	28	
8	49	28	
8	48	28	
8	47	28	
8	46	28	
8	45	28	
8	44	28	
8	43	28	
8	42	28	
8	41	28	
8	40	28	
8	39	28	
8	38	28	
8	37	28	
8	36	28	
8	35	28	
8	34	28	
8	33	28	
8	32	28	
8	31	28	
8	30	28	
8	29	28	
8	28	28	
8	27	28	
8	26	28	
8	25	28	
8	24	28	
8	23	28	
8	22	28	
8	21	28	
8	20	28	
8	19	28	
8	18	28	
8	17	28	
8	16	28	
8	15	28	
8	14	28	
8	13	28	
8	12	28	
8	11	28	
8	10	28	
8	9	28	
8	8	28	
8	7	28	
8	6	28	
9	6	28	
0
29	1w2s	pin_out_29	pin_in_29
9	64	94	
9	64	93	
9	64	92	
9	64	91	
9	64	90	
9	64	89	
9	64	88	
9	64	87	
9	64	86	
9	64	85	
9	64	84	
9	64	83	
9	64	82	
9	64	81	
9	64	80	
9	64	79	
9	64	78	
9	64	77	
9	64	76	
9	64	75	
9	64	74	
9	64	73	
9	64	72	
9	64	71	
9	64	70	
9	64	69	
9	64	68	
9	64	67	
9	64	66	
9	64	65	
9	64	64	
9	64	63	
9	64	62	
9	64	61	
9	64	60	
9	64	59	
9	64	58	
9	64	57	
9	64	56	
9	64	55	
9	64	54	
9	64	53	
9	64	52	
9	64	51	
9	64	50	
9	64	49	
9	64	48	
9	64	47	
9	64	46	
9	64	45	
9	64	44	
9	64	43	
9	64	42	
9	64	41	
9	64	40	
9	64	39	
9	64	38	
9	64	37	
9	64	36	
9	64	35	
9	64	34	
9	64	33	
9	64	32	
9	64	31	
9	64	30	
9	64	29	
9	64	28	
9	64	27	
9	64	26	
9	64	25	
9	64	24	
9	64	23	
9	64	22	
9	64	21	
9	64	20	
9	64	19	
9	64	18	
9	64	17	
9	64	16	
9	64	15	
9	64	14	
9	64	13	
9	64	12	
9	64	11	
9	64	10	
9	64	9	
9	64	8	
9	64	7	
9	64	6	
9	64	5	
9	64	4	
9	64	3	
9	64	2	
9	64	1	
9	64	0	
8	64	0	
8	63	0	
8	62	0	
8	61	0	
8	60	0	
8	59	0	
8	58	0	
8	57	0	
8	56	0	
8	55	0	
8	54	0	
8	53	0	
0
30	default	pin_out_30	pin_in_30
9	39	42	
8	39	42	
8	40	42	
8	41	42	
8	42	42	
8	43	42	
8	44	42	
8	45	42	
8	46	42	
8	47	42	
8	48	42	
8	49	42	
8	50	42	
8	51	42	
8	52	42	
8	53	42	
8	54	42	
8	55	42	
8	56	42	
8	57	42	
8	58	42	
8	59	42	
8	60	42	
8	61	42	
8	62	42	
8	63	42	
8	64	42	
8	65	42	
8	66	42	
8	67	42	
8	68	42	
8	69	42	
8	70	42	
8	71	42	
8	72	42	
8	73	42	
8	74	42	
8	75	42	
8	76	42	
8	77	42	
8	78	42	
8	79	42	
8	80	42	
8	81	42	
8	82	42	
8	83	42	
8	84	42	
8	85	42	
8	86	42	
8	87	42	
8	88	42	
7	88	42	
7	88	43	
7	88	44	
7	88	45	
7	88	46	
7	88	47	
0
31	1w2s_shield	pin_out_31	pin_in_31
11	62	9	
11	62	8	
11	62	7	
10	62	7	
10	61	7	
10	60	7	
10	59	7	
10	58	7	
10	57	7	
10	56	7	
10	55	7	
11	55	7	
0
32	default	pin_out_32	pin_in_32
8	51	56	
8	52	56	
8	53	56	
8	54	56	
8	55	56	
8	56	56	
8	57	56	
8	58	56	
8	59	56	
8	60	56	
7	60	56	
7	60	55	
7	60	54	
7	60	53	
8	60	53	
0
33	default	pin_out_33	pin_in_33
8	17	27	
8	18	27	
8	19	27	
8	20	27	
8	21	27	
8	22	27	
8	23	27	
8	24	27	
8	25	27	
8	26	27	
8	27	27	
8	28	27	
8	29	27	
8	30	27	
8	31	27	
8	32	27	
8	33	27	
8	34	27	
8	35	27	
8	36	27	
8	37	27	
8	38	27	
8	39	27	
8	40	27	
8	41	27	
8	42	27	
8	43	27	
8	44	27	
8	45	27	
8	46	27	
8	47	27	
8	48	27	
8	49	27	
8	50	27	
8	51	27	
8	52	27	
8	53	27	
8	54	27	
8	55	27	
8	56	27	
8	57	27	
8	58	27	
8	59	27	
8	60	27	
8	61	27	
8	62	27	
8	63	27	
8	64	27	
8	65	27	
8	66	27	
8	67	27	
8	68	27	
8	69	27	
8	70	27	
8	71	27	
8	72	27	
8	73	27	
8	74	27	
8	75	27	
8	76	27	
8	77	27	
8	78	27	
8	79	27	
8	80	27	
8	81	27	
8	82	27	
8	83	27	
8	84	27	
8	85	27	
8	86	27	
8	87	27	
8	88	27	
8	89	27	
8	90	27	
8	91	27	
7	91	27	
7	91	28	
7	91	29	
7	91	30	
7	91	31	
7	91	32	
7	91	33	
7	91	34	
7	91	35	
7	91	36	
7	91	37	
7	91	38	
7	91	39	
7	91	40	
7	91	41	
7	91	42	
7	91	43	
7	91	44	
7	91	45	
7	91	46	
7	91	47	
7	91	48	
7	91	49	
7	91	50	
7	91	51	
7	91	52	
7	91	53	
7	91	54	
7	91	55	
7	91	56	
7	91	57	
7	91	58	
7	91	59	
7	91	60	
7	91	61	
7	91	62	
7	91	63	
7	91	64	
7	91	65	
7	91	66	
8	91	66	
0
34	default	pin_out_34	pin_in_34
7	23	15	
7	23	14	
7	23	13	
7	23	12	
7	23	11	
7	23	10	
7	23	9	
7	23	8	
7	23	7	
7	23	6	
6	23	6	
6	22	6	
6	21	6	
6	20	6	
6	19	6	
6	18	6	
6	17	6	
6	16	6	
6	15	6	
6	14	6	
6	13	6	
6	12	6	
6	11	6	
6	10	6	
0
35	1w2s_shield	pin_out_35	pin_in_35
11	5	22	
11	5	23	
11	5	24	
11	5	25	
11	5	26	
11	5	27	
11	5	28	
11	5	29	
11	5	30	
11	5	31	
11	5	32	
11	5	33	
11	5	34	
11	5	35	
11	5	36	
11	5	37	
11	5	38	
11	5	39	
11	5	40	
11	5	41	
11	5	42	
11	5	43	
11	5	44	
11	5	45	
11	5	46	
11	5	47	
10	5	47	
10	6	47	
10	7	47	
10	8	47	
11	8	47	
0
36	1w2s_shield	pin_out_36	pin_in_36
10	17	78	
10	18	78	
10	19	78	
10	20	78	
10	21	78	
10	22	78	
10	23	78	
10	24	78	
10	25	78	
10	26	78	
10	27	78	
10	28	78	
10	29	78	
10	30	78	
10	31	78	
10	32	78	
10	33	78	
10	34	78	
10	35	78	
10	36	78	
10	37	78	
10	38	78	
10	39	78	
10	40	78	
10	41	78	
10	42	78	
10	43	78	
10	44	78	
10	45	78	
10	46	78	
10	47	78	
10	48	78	
10	49	78	
10	50	78	
10	51	78	
10	52	78	
10	53	78	
10	54	78	
10	55	78	
10	56	78	
10	57	78	
10	58	78	
11	58	78	
11	58	77	
11	58	76	
11	58	75	
11	58	74	
11	58	73	
11	58	72	
11	58	71	
11	58	70	
11	58	69	
11	58	68	
11	58	67	
11	58	66	
11	58	65	
11	58	64	
11	58	63	
11	58	62	
11	58	61	
11	58	60	
11	58	59	
11	58	58	
11	58	57	
11	58	56	
11	58	55	
11	58	54	
11	58	53	
11	58	52	
11	58	51	
11	58	50	
11	58	49	
11	58	48	
11	58	47	
11	58	46	
11	58	45	
11	58	44	
11	58	43	
11	58	42	
11	58	41	
11	58	40	
11	58	39	
11	58	38	
11	58	37	
11	58	36	
11	58	35	
11	58	34	
11	58	33	
11	58	32	
0
37	default	pin_out_37	pin_in_37
8	44	19	
7	44	19	
7	44	20	
7	44	21	
7	44	22	
7	44	23	
7	44	24	
7	44	25	
7	44	26	
7	44	27	
7	44	28	
7	44	29	
7	44	30	
7	44	31	
7	44	32	
7	44	33	
6	44	33	
6	45	33	
6	46	33	
6	47	33	
6	48	33	
6	49	33	
6	50	33	
6	51	33	
6	52	33	
6	53	33	
6	54	33	
6	55	33	
6	56	33	
6	57	33	
6	58	33	
6	59	33	
6	60	33	
6	61	33	
6	62	33	
6	63	33	
6	64	33	
6	65	33	
6	66	33	
6	67	33	
6	68	33	
6	69	33	
6	70	33	
6	71	33	
0
38	default	pin_out_38	pin_in_38
8	28	5	
8	29	5	
8	30	5	
8	31	5	
8	32	5	
8	33	5	
8	34	5	
8	35	5	
8	36	5	
8	37	5	
8	38	5	
8	39	5	
8	40	5	
8	41	5	
8	42	5	
8	43	5	
8	44	5	
8	45	5	
8	46	5	
8	47	5	
8	48	5	
8	49	5	
8	50	5	
8	51	5	
7	51	5	
7	51	6	
7	51	7	
7	51	8	
7	51	9	
7	51	10	
7	51	11	
7	51	12	
7	51	13	
7	51	14	
7	51	15	
7	51	16	
7	51	17	
7	51	18	
7	51	19	
7	51	20	
7	51	21	
7	51	22	
7	51	23	
7	51	24	
7	51	25	
7	51	26	
7	51	27	
7	51	28	
7	51	29	
7	51	30	
7	51	31	
7	51	32	
7	51	33	
7	51	34	
7	51	35	
7	51	36	
0
39	1w2s_shield	pin_out_39	pin_in_39
11	13	18	
11	13	19	
11	13	20	
11	13	21	
11	13	22	
11	13	23	
11	13	24	
11	13	25	
10	13	25	
10	14	25	
10	15	25	
10	16	25	
10	17	25	
10	18	25	
10	19	25	
10	20	25	
10	21	25	
10	22	25	
10	23	25	
10	24	25	
10	25	25	
10	26	25	
10	27	25	
10	28	25	
10	29	25	
10	30	25	
10	31	25	
10	32	25	
10	33	25	
10	34	25	
10	35	25	
10	36	25	
10	37	25	
10	38	25	
10	39	25	
10	40	25	
10	41	25	
10	42	25	
10	43	25	
10	44	25	
10	45	25	
10	46	25	
10	47	25	
10	48	25	
10	49	25	
10	50	25	
10	51	25	
10	52	25	
10	53	25	
10	54	25	
10	55	25	
11	55	25	
0
40	1w2s_shield	pin_out_40	pin_in_40
11	30	62	
11	30	63	
11	30	64	
11	30	65	
11	30	66	
11	30	67	
11	30	68	
11	30	69	
11	30	70	
11	30	71	
11	30	72	
11	30	73	
11	30	74	
11	30	75	
11	30	76	
11	30	77	
11	30	78	
11	30	79	
11	30	80	
11	30	81	
11	30	82	
11	30	83	
11	30	84	
11	30	85	
11	30	86	
11	30	87	
11	30	88	
11	30	89	
11	30	90	
11	30	91	
11	30	92	
11	30	93	
11	30	94	
11	30	95	
11	30	96	
11	30	97	
10	30	97	
10	31	97	
10	32	97	
10	33	97	
10	34	97	
10	35	97	
10	36	97	
10	37	97	
10	38	97	
10	39	97	
10	40	97	
10	41	97	
10	42	97	
10	43	97	
11	43	97	
0
41	1w2s	pin_out_41	pin_in_41
8	50	18	
8	51	18	
8	52	18	
8	53	18	
8	54	18	
8	55	18	
8	56	18	
8	57	18	
8	58	18	
8	59	18	
8	60	18	
8	61	18	
8	62	18	
8	63	18	
8	64	18	
8	65	18	
8	66	18	
8	67	18	
8	68	18	
8	69	18	
8	70	18	
8	71	18	
8	72	18	
8	73	18	
8	74	18	
8	75	18	
8	76	18	
8	77	18	
8	78	18	
8	79	18	
8	80	18	
8	81	18	
8	82	18	
8	83	18	
8	84	18	
8	85	18	
8	86	18	
9	86	18	
9	86	17	
9	86	16	
9	86	15	
9	86	14	
9	86	13	
9	86	12	
9	86	11	
9	86	10	
9	86	9	
9	86	8	
0
42	1w2s_shield	pin_out_42	pin_in_42
11	43	60	
11	43	59	
11	43	58	
11	43	57	
11	43	56	
11	43	55	
11	43	54	
11	43	53	
11	43	52	
11	43	51	
11	43	50	
11	43	49	
11	43	48	
11	43	47	
11	43	46	
11	43	45	
11	43	44	
11	43	43	
11	43	42	
11	43	41	
11	43	40	
11	43	39	
11	43	38	
11	43	37	
11	43	36	
11	43	35	
11	43	34	
11	43	33	
11	43	32	
11	43	31	
11	43	30	
11	43	29	
11	43	28	
11	43	27	
11	43	26	
11	43	25	
11	43	24	
11	43	23	
11	43	22	
11	43	21	
11	43	20	
11	43	19	
11	43	18	
11	43	17	
11	43	16	
11	43	15	
11	43	14	
11	43	13	
10	43	13	
10	42	13	
10	41	13	
10	40	13	
10	39	13	
10	38	13	
10	37	13	
10	36	13	
10	35	13	
10	34	13	
10	33	13	
10	32	13	
10	31	13	
10	30	13	
10	29	13	
10	28	13	
10	27	13	
10	26	13	
10	25	13	
10	24	13	
10	23	13	
10	22	13	
10	21	13	
10	20	13	
10	19	13	
10	18	13	
10	17	13	
10	16	13	
10	15	13	
10	14	13	
10	13	13	
10	12	13	
10	11	13	
10	10	13	
10	9	13	
10	8	13	
10	7	13	
0
43	1w2s	pin_out_43	pin_in_43
8	66	50	
8	65	50	
8	64	50	
8	63	50	
8	62	50	
8	61	50	
8	60	50	
8	59	50	
8	58	50	
8	57	50	
8	56	50	
8	55	50	
8	54	50	
8	53	50	
8	52	50	
8	51	50	
8	50	50	
8	49	50	
8	48	50	
8	47	50	
8	46	50	
8	45	50	
8	44	50	
8	43	50	
8	42	50	
8	41	50	
8	40	50	
8	39	50	
8	38	50	
8	37	50	
8	36	50	
8	35	50	
8	34	50	
8	33	50	
8	32	50	
8	31	50	
8	30	50	
8	29	50	
8	28	50	
8	27	50	
8	26	50	
8	25	50	
8	24	50	
8	23	50	
8	22	50	
8	21	50	
8	20	50	
8	19	50	
8	18	50	
8	17	50	
8	16	50	
8	15	50	
8	14	50	
8	13	50	
8	12	50	
8	11	50	
9	11	50	
9	11	49	
9	11	48	
9	11	47	
9	11	46	
9	11	45	
8	11	45	
0
44	1w2s	pin_out_44	pin_in_44
9	23	69	
9	23	68	
9	23	67	
9	23	66	
9	23	65	
9	23	64	
9	23	63	
9	23	62	
9	23	61	
9	23	60	
9	23	59	
9	23	58	
9	23	57	
9	23	56	
9	23	55	
9	23	54	
9	23	53	
9	23	52	
9	23	51	
9	23	50	
9	23	49	
9	23	48	
9	23	47	
9	23	46	
9	23	45	
9	23	44	
9	23	43	
9	23	42	
9	23	41	
9	23	40	
9	23	39	
9	23	38	
9	23	37	
9	23	36	
8	23	36	
8	24	36	
8	25	36	
8	26	36	
8	27	36	
8	28	36	
8	29	36	
8	30	36	
8	31	36	
8	32	36	
8	33	36	
8	34	36	
8	35	36	
8	36	36	
8	37	36	
8	38	36	
8	39	36	
8	40	36	
8	41	36	
8	42	36	
8	43	36	
8	44	36	
8	45	36	
8	46	36	
8	47	36	
8	48	36	
8	49	36	
8	50	36	
8	51	36	
8	52	36	
8	53	36	
8	54	36	
8	55	36	
8	56	36	
8	57	36	
8	58	36	
0
45	1w2s_shield	pin_out_45	pin_in_45
11	10	20	
11	10	21	
11	10	22	
11	10	23	
11	10	24	
11	10	25	
11	10	26	
11	10	27	
11	10	28	
11	10	29	
11	10	30	
11	10	31	
11	10	32	
11	10	33	
11	10	34	
11	10	35	
11	10	36	
11	10	37	
11	10	38	
11	10	39	
11	10	40	
11	10	41	
11	10	42	
11	10	43	
11	10	44	
11	10	45	
11	10	46	
11	10	47	
11	10	48	
11	10	49	
11	10	50	
11	10	51	
11	10	52	
11	10	53	
11	10	54	
11	10	55	
11	10	56	
11	10	57	
11	10	58	
11	10	59	
11	10	60	
11	10	61	
11	10	62	
11	10	63	
11	10	64	
11	10	65	
11	10	66	
11	10	67	
11	10	68	
11	10	69	
11	10	70	
11	10	71	
11	10	72	
11	10	73	
11	10	74	
11	10	75	
11	10	76	
11	10	77	
11	10	78	
11	10	79	
11	10	80	
11	10	81	
11	10	82	
11	10	83	
11	10	84	
11	10	85	
11	10	86	
11	10	87	
10	10	87	
10	11	87	
10	12	87	
10	13	87	
10	14	87	
10	15	87	
10	16	87	
10	17	87	
10	18	87	
10	19	87	
10	20	87	
10	21	87	
10	22	87	
10	23	87	
10	24	87	
10	25	87	
10	26	87	
10	27	87	
10	28	87	
10	29	87	
10	30	87	
10	31	87	
10	32	87	
10	33	87	
10	34	87	
10	35	87	
10	36	87	
10	37	87	
10	38	87	
10	39	87	
10	40	87	
10	41	87	
10	42	87	
10	43	87	
10	44	87	
10	45	87	
10	46	87	
10	47	87	
10	48	87	
10	49	87	
10	50	87	
10	51	87	
10	52	87	
10	53	87	
10	54	87	
10	55	87	
10	56	87	
10	57	87	
10	58	87	
10	59	87	
11	59	87	
0
46	default	pin_out_46	pin_in_46
7	51	30	
8	51	30	
8	52	30	
8	53	30	
8	54	30	
8	55	30	
8	56	30	
7	56	30	
7	56	31	
7	56	32	
7	56	33	
7	56	34	
7	56	35	
7	56	36	
7	56	37	
7	56	38	
7	56	39	
7	56	40	
7	56	41	
7	56	42	
7	56	43	
7	56	44	
7	56	45	
7	56	46	
0
47	1w2s	pin_out_47	pin_in_47
9	19	79	
9	19	78	
9	19	77	
9	19	76	
9	19	75	
9	19	74	
9	19	73	
9	19	72	
9	19	71	
9	19	70	
9	19	69	
9	19	68	
9	19	67	
9	19	66	
9	19	65	
9	19	64	
9	19	63	
9	19	62	
9	19	61	
9	19	60	
9	19	59	
9	19	58	
9	19	57	
9	19	56	
9	19	55	
9	19	54	
9	19	53	
9	19	52	
9	19	51	
9	19	50	
9	19	49	
9	19	48	
9	19	47	
9	19	46	
9	19	45	
9	19	44	
9	19	43	
9	19	42	
9	19	41	
9	19	40	
9	19	39	
9	19	38	
9	19	37	
9	19	36	
9	19	35	
9	19	34	
9	19	33	
9	19	32	
9	19	31	
9	19	30	
9	19	29	
9	19	28	
9	19	27	
9	19	26	
9	19	25	
9	19	24	
9	19	23	
9	19	22	
9	19	21	
9	19	20	
9	19	19	
9	19	18	
9	19	17	
9	19	16	
9	19	15	
9	19	14	
9	19	13	
8	19	13	
8	20	13	
8	21	13	
8	22	13	
8	23	13	
8	24	13	
8	25	13	
8	26	13	
8	27	13	
8	28	13	
8	29	13	
8	30	13	
8	31	13	
8	32	13	
8	33	13	
8	34	13	
8	35	13	
8	36	13	
8	37	13	
8	38	13	
8	39	13	
8	40	13	
8	41	13	
8	42	13	
8	43	13	
8	44	13	
8	45	13	
8	46	13	
8	47	13	
8	48	13	
8	49	13	
8	50	13	
8	51	13	
8	52	13	
8	53	13	
8	54	13	
9	54	13	
0
48	1w2s_shield	pin_out_48	pin_in_48
10	0	23	
11	0	23	
11	0	22	
11	0	21	
11	0	20	
11	0	19	
11	0	18	
11	0	17	
11	0	16	
11	0	15	
10	0	15	
10	1	15	
10	2	15	
10	3	15	
10	4	15	
10	5	15	
10	6	15	
10	7	15	
10	8	15	
10	9	15	
10	10	15	
10	11	15	
10	12	15	
10	13	15	
10	14	15	
10	15	15	
10	16	15	
10	17	15	
10	18	15	
10	19	15	
10	20	15	
10	21	15	
10	22	15	
10	23	15	
10	24	15	
10	25	15	
10	26	15	
10	27	15	
10	28	15	
10	29	15	
10	30	15	
10	31	15	
10	32	15	
10	33	15	
10	34	15	
10	35	15	
10	36	15	
10	37	15	
10	38	15	
10	39	15	
10	40	15	
10	41	15	
10	42	15	
10	43	15	
10	44	15	
10	45	15	
10	46	15	
10	47	15	
10	48	15	
10	49	15	
10	50	15	
10	51	15	
0
49	1w2s	pin_out_49	pin_in_49
9	73	89	
9	73	88	
9	73	87	
9	73	86	
9	73	85	
9	73	84	
9	73	83	
9	73	82	
9	73	81	
9	73	80	
9	73	79	
9	73	78	
9	73	77	
9	73	76	
9	73	75	
9	73	74	
9	73	73	
9	73	72	
9	73	71	
9	73	70	
9	73	69	
9	73	68	
9	73	67	
9	73	66	
9	73	65	
9	73	64	
9	73	63	
9	73	62	
9	73	61	
9	73	60	
9	73	59	
9	73	58	
9	73	57	
9	73	56	
9	73	55	
9	73	54	
9	73	53	
9	73	52	
9	73	51	
9	73	50	
9	73	49	
9	73	48	
9	73	47	
9	73	46	
9	73	45	
9	73	44	
9	73	43	
9	73	42	
9	73	41	
9	73	40	
9	73	39	
9	73	38	
9	73	37	
9	73	36	
9	73	35	
9	73	34	
9	73	33	
9	73	32	
9	73	31	
9	73	30	
9	73	29	
9	73	28	
9	73	27	
9	73	26	
9	73	25	
9	73	24	
9	73	23	
9	73	22	
9	73	21	
9	73	20	
9	73	19	
9	73	18	
9	73	17	
9	73	16	
9	73	15	
9	73	14	
9	73	13	
9	73	12	
9	73	11	
9	73	10	
9	73	9	
9	73	8	
9	73	7	
9	73	6	
9	73	5	
9	73	4	
9	73	3	
8	73	3	
8	74	3	
8	75	3	
8	76	3	
8	77	3	
8	78	3	
8	79	3	
8	80	3	
8	81	3	
8	82	3	
8	83	3	
8	84	3	
0
50	default	pin_out_50	pin_in_50
7	12	53	
7	12	52	
7	12	51	
7	12	50	
7	12	49	
7	12	48	
7	12	47	
7	12	46	
7	12	45	
7	12	44	
7	12	43	
7	12	42	
7	12	41	
7	12	40	
7	12	39	
7	12	38	
7	12	37	
7	12	36	
7	12	35	
7	12	34	
7	12	33	
7	12	32	
7	12	31	
7	12	30	
7	12	29	
7	12	28	
7	12	27	
7	12	26	
7	12	25	
7	12	24	
7	12	23	
7	12	22	
7	12	21	
7	12	20	
7	12	19	
7	12	18	
7	12	17	
7	12	16	
7	12	15	
7	12	14	
7	12	13	
7	12	12	
7	12	11	
7	12	10	
7	12	9	
7	12	8	
7	12	7	
7	12	6	
7	12	5	
7	12	4	
7	12	3	
7	12	2	
7	12	1	
7	12	0	
8	12	0	
8	13	0	
8	14	0	
8	15	0	
8	16	0	
8	17	0	
8	18	0	
8	19	0	
8	20	0	
8	21	0	
8	22	0	
8	23	0	
8	24	0	
8	25	0	
8	26	0	
8	27	0	
8	28	0	
8	29	0	
8	30	0	
8	31	0	
8	32	0	
8	33	0	
8	34	0	
8	35	0	
8	36	0	
8	37	0	
8	38	0	
8	39	0	
8	40	0	
8	41	0	
8	42	0	
8	43	0	
0
51	default	pin_out_51	pin_in_51
6	59	71	
6	58	71	
6	57	71	
6	56	71	
6	55	71	
6	54	71	
6	53	71	
6	52	71	
6	51	71	
6	50	71	
6	49	71	
6	48	71	
6	47	71	
6	46	71	
6	45	71	
6	44	71	
6	43	71	
6	42	71	
6	41	71	
6	40	71	
6	39	71	
6	38	71	
6	37	71	
6	36	71	
6	35	71	
6	34	71	
7	34	71	
7	34	72	
7	34	73	
7	34	74	
7	34	75	
7	34	76	
7	34	77	
7	34	78	
7	34	79	
7	34	80	
7	34	81	
7	34	82	
7	34	83	
7	34	84	
7	34	85	
7	34	86	
7	34	87	
7	34	88	
7	34	89	
7	34	90	
7	34	91	
7	34	92	
7	34	93	
7	34	94	
7	34	95	
0
52	default	pin_out_52	pin_in_52
8	73	17	
8	72	17	
8	71	17	
8	70	17	
8	69	17	
8	68	17	
8	67	17	
8	66	17	
8	65	17	
8	64	17	
8	63	17	
8	62	17	
8	61	17	
8	60	17	
8	59	17	
8	58	17	
8	57	17	
8	56	17	
8	55	17	
8	54	17	
8	53	17	
8	52	17	
8	51	17	
8	50	17	
8	49	17	
8	48	17	
8	47	17	
8	46	17	
8	45	17	
8	44	17	
8	43	17	
8	42	17	
8	41	17	
8	40	17	
8	39	17	
8	38	17	
8	37	17	
8	36	17	
8	35	17	
8	34	17	
8	33	17	
8	32	17	
8	31	17	
8	30	17	
8	29	17	
8	28	17	
8	27	17	
8	26	17	
8	25	17	
8	24	17	
8	23	17	
8	22	17	
8	21	17	
8	20	17	
8	19	17	
8	18	17	
8	17	17	
8	16	17	
8	15	17	
8	14	17	
8	13	17	
8	12	17	
8	11	17	
8	10	17	
8	9	17	
8	8	17	
8	7	17	
8	6	17	
8	5	17	
8	4	17	
8	3	17	
8	2	17	
7	2	17	
7	2	18	
7	2	19	
7	2	20	
7	2	21	
7	2	22	
7	2	23	
7	2	24	
7	2	25	
7	2	26	
7	2	27	
0
53	1w2s	pin_out_53	pin_in_53
8	36	67	
8	37	67	
8	38	67	
8	39	67	
8	40	67	
8	41	67	
8	42	67	
8	43	67	
8	44	67	
8	45	67	
8	46	67	
8	47	67	
8	48	67	
8	49	67	
8	50	67	
8	51	67	
8	52	67	
8	53	67	
8	54	67	
8	55	67	
8	56	67	
8	57	67	
8	58	67	
8	59	67	
8	60	67	
8	61	67	
8	62	67	
8	63	67	
8	64	67	
8	65	67	
8	66	67	
8	67	67	
8	68	67	
8	69	67	
8	70	67	
8	71	67	
8	72	67	
8	73	67	
8	74	67	
8	75	67	
8	76	67	
8	77	67	
8	78	67	
8	79	67	
8	80	67	
8	81	67	
8	82	67	
8	83	67	
8	84	67	
8	85	67	
8	86	67	
8	87	67	
8	88	67	
8	89	67	
8	90	67	
9	90	67	
9	90	68	
9	90	69	
9	90	70	
9	90	71	
9	90	72	
9	90	73	
9	90	74	
9	90	75	
9	90	76	
9	90	77	
9	90	78	
0
54	default	pin_out_54	pin_in_54
7	8	4	
7	8	5	
7	8	6	
7	8	7	
7	8	8	
7	8	9	
7	8	10	
7	8	11	
7	8	12	
7	8	13	
7	8	14	
7	8	15	
7	8	16	
7	8	17	
7	8	18	
7	8	19	
7	8	20	
7	8	21	
7	8	22	
7	8	23	
7	8	24	
7	8	25	
7	8	26	
7	8	27	
7	8	28	
7	8	29	
7	8	30	
7	8	31	
7	8	32	
7	8	33	
7	8	34	
7	8	35	
7	8	36	
7	8	37	
7	8	38	
7	8	39	
7	8	40	
7	8	41	
7	8	42	
7	8	43	
7	8	44	
7	8	45	
7	8	46	
7	8	47	
7	8	48	
7	8	49	
7	8	50	
7	8	51	
7	8	52	
7	8	53	
7	8	54	
7	8	55	
7	8	56	
7	8	57	
7	8	58	
7	8	59	
8	8	59	
8	9	59	
8	10	59	
8	11	59	
8	12	59	
8	13	59	
8	14	59	
8	15	59	
8	16	59	
8	17	59	
8	18	59	
8	19	59	
8	20	59	
8	21	59	
8	22	59	
8	23	59	
8	24	59	
8	25	59	
8	26	59	
8	27	59	
8	28	59	
8	29	59	
8	30	59	
8	31	59	
8	32	59	
8	33	59	
8	34	59	
8	35	59	
8	36	59	
8	37	59	
8	38	59	
8	39	59	
8	40	59	
8	41	59	
8	42	59	
8	43	59	
8	44	59	
8	45	59	
8	46	59	
8	47	59	
8	48	59	
8	49	59	
8	50	59	
8	51	59	
8	52	59	
8	53	59	
8	54	59	
8	55	59	
8	56	59	
8	57	59	
8	58	59	
8	59	59	
8	60	59	
8	61	59	
8	62	59	
0
55	default	pin_out_55	pin_in_55
6	64	27	
6	65	27	
6	66	27	
6	67	27	
6	68	27	
6	69	27	
6	70	27	
6	71	27	
6	72	27	
6	73	27	
6	74	27	
6	75	27	
6	76	27	
6	77	27	
6	78	27	
6	79	27	
6	80	27	
7	80	27	
7	80	28	
7	80	29	
7	80	30	
7	80	31	
7	80	32	
7	80	33	
8	80	33	
0
56	1w2s	pin_out_56	pin_in_56
8	73	91	
8	72	91	
8	71	91	
8	70	91	
8	69	91	
8	68	91	
8	67	91	
8	66	91	
8	65	91	
8	64	91	
8	63	91	
8	62	91	
8	61	91	
8	60	91	
8	59	91	
8	58	91	
8	57	91	
8	56	91	
8	55	91	
8	54	91	
8	53	91	
8	52	91	
8	51	91	
8	50	91	
8	49	91	
8	48	91	
8	47	91	
8	46	91	
8	45	91	
8	44	91	
8	43	91	
8	42	91	
8	41	91	
8	40	91	
8	39	91	
8	38	91	
8	37	91	
8	36	91	
8	35	91	
8	34	91	
8	33	91	
8	32	91	
8	31	91	
8	30	91	
8	29	91	
8	28	91	
8	27	91	
8	26	91	
8	25	91	
8	24	91	
8	23	91	
8	22	91	
8	21	91	
8	20	91	
8	19	91	
8	18	91	
8	17	91	
8	16	91	
8	15	91	
9	15	91	
9	15	90	
9	15	89	
9	15	88	
9	15	87	
9	15	86	
9	15	85	
9	15	84	
9	15	83	
9	15	82	
9	15	81	
9	15	80	
9	15	79	
9	15	78	
9	15	77	
9	15	76	
9	15	75	
9	15	74	
9	15	73	
9	15	72	
9	15	71	
9	15	70	
9	15	69	
9	15	68	
9	15	67	
9	15	66	
9	15	65	
9	15	64	
9	15	63	
9	15	62	
9	15	61	
9	15	60	
9	15	59	
9	15	58	
9	15	57	
9	15	56	
9	15	55	
9	15	54	
9	15	53	
9	15	52	
9	15	51	
9	15	50	
9	15	49	
9	15	48	
9	15	47	
9	15	46	
9	15	45	
9	15	44	
9	15	43	
9	15	42	
9	15	41	
9	15	40	
9	15	39	
9	15	38	
9	15	37	
9	15	36	
9	15	35	
9	15	34	
9	15	33	
9	15	32	
9	15	31	
9	15	30	
9	15	29	
9	15	28	
8	15	28	
0
57	1w2s	pin_out_57	pin_in_57
9	9	17	
9	9	18	
9	9	19	
9	9	20	
9	9	21	
9	9	22	
9	9	23	
9	9	24	
9	9	25	
9	9	26	
9	9	27	
9	9	28	
9	9	29	
9	9	30	
9	9	31	
9	9	32	
9	9	33	
9	9	34	
8	9	34	
8	8	34	
8	7	34	
8	6	34	
8	5	34	
8	4	34	
8	3	34	
9	3	34	
0
58	1w2s	pin_out_58	pin_in_58
8	69	59	
8	68	59	
8	67	59	
8	66	59	
8	65	59	
8	64	59	
8	63	59	
8	62	59	
8	61	59	
8	60	59	
8	59	59	
8	58	59	
8	57	59	
8	56	59	
8	55	59	
8	54	59	
8	53	59	
8	52	59	
8	51	59	
8	50	59	
8	49	59	
8	48	59	
8	47	59	
8	46	59	
8	45	59	
8	44	59	
8	43	59	
8	42	59	
8	41	59	
8	40	59	
8	39	59	
8	38	59	
8	37	59	
8	36	59	
8	35	59	
8	34	59	
8	33	59	
8	32	59	
8	31	59	
8	30	59	
8	29	59	
8	28	59	
8	27	59	
8	26	59	
8	25	59	
8	24	59	
8	23	59	
8	22	59	
8	21	59	
8	20	59	
8	19	59	
8	18	59	
8	17	59	
8	16	59	
8	15	59	
8	14	59	
9	14	59	
9	14	58	
9	14	57	
9	14	56	
9	14	55	
9	14	54	
9	14	53	
9	14	52	
9	14	51	
9	14	50	
9	14	49	
9	14	48	
9	14	47	
9	14	46	
9	14	45	
9	14	44	
9	14	43	
9	14	42	
9	14	41	
9	14	40	
9	14	39	
9	14	38	
9	14	37	
9	14	36	
9	14	35	
9	14	34	
9	14	33	
9	14	32	
9	14	31	
9	14	30	
9	14	29	
9	14	28	
9	14	27	
9	14	26	
9	14	25	
9	14	24	
9	14	23	
9	14	22	
9	14	21	
9	14	20	
9	14	19	
0
59	1w2s	pin_out_59	pin_in_59
8	69	1	
8	70	1	
8	71	1	
8	72	1	
8	73	1	
8	74	1	
8	75	1	
8	76	1	
8	77	1	
8	78	1	
8	79	1	
8	80	1	
8	81	1	
8	82	1	
9	82	1	
9	82	2	
9	82	3	
9	82	4	
9	82	5	
9	82	6	
9	82	7	
9	82	8	
9	82	9	
9	82	10	
9	82	11	
9	82	12	
9	82	13	
9	82	14	
9	82	15	
9	82	16	
9	82	17	
9	82	18	
9	82	19	
9	82	20	
9	82	21	
9	82	22	
9	82	23	
9	82	24	
9	82	25	
9	82	26	
9	82	27	
9	82	28	
9	82	29	
9	82	30	
9	82	31	
9	82	32	
9	82	33	
9	82	34	
9	82	35	
9	82	36	
9	82	37	
9	82	38	
9	82	39	
9	82	40	
9	82	41	
9	82	42	
9	82	43	
9	82	44	
9	82	45	
9	82	46	
9	82	47	
9	82	48	
9	82	49	
9	82	50	
9	82	51	
9	82	52	
9	82	53	
9	82	54	
9	82	55	
9	82	56	
9	82	57	
9	82	58	
9	82	59	
9	82	60	
9	82	61	
0
60	1w2s	pin_out_60	pin_in_60
8	26	42	
9	26	42	
9	26	41	
9	26	40	
9	26	39	
9	26	38	
9	26	37	
9	26	36	
9	26	35	
9	26	34	
9	26	33	
9	26	32	
9	26	31	
9	26	30	
9	26	29	
9	26	28	
9	26	27	
9	26	26	
9	26	25	
9	26	24	
9	26	23	
9	26	22	
9	26	21	
9	26	20	
9	26	19	
9	26	18	
9	26	17	
9	26	16	
9	26	15	
8	26	15	
8	27	15	
8	28	15	
8	29	15	
8	30	15	
8	31	15	
8	32	15	
8	33	15	
8	34	15	
8	35	15	
8	36	15	
8	37	15	
8	38	15	
8	39	15	
0
61	default	pin_out_61	pin_in_61
7	82	69	
7	82	68	
7	82	67	
7	82	66	
7	82	65	
7	82	64	
7	82	63	
7	82	62	
7	82	61	
7	82	60	
7	82	59	
7	82	58	
7	82	57	
7	82	56	
7	82	55	
7	82	54	
8	82	54	
8	81	54	
8	80	54	
8	79	54	
9	79	54	
0
62	default	pin_out_62	pin_in_62
9	71	59	
9	71	60	
9	71	61	
9	71	62	
9	71	63	
9	71	64	
9	71	65	
9	71	66	
9	71	67	
9	71	68	
9	71	69	
9	71	70	
9	71	71	
9	71	72	
9	71	73	
9	71	74	
9	71	75	
8	71	75	
8	70	75	
8	69	75	
8	68	75	
8	67	75	
8	66	75	
8	65	75	
8	64	75	
8	63	75	
8	62	75	
8	61	75	
8	60	75	
8	59	75	
8	58	75	
8	57	75	
8	56	75	
0
63	1w2s	pin_out_63	pin_in_63
9	74	13	
9	74	14	
9	74	15	
9	74	16	
9	74	17	
9	74	18	
9	74	19	
9	74	20	
9	74	21	
9	74	22	
9	74	23	
9	74	24	
9	74	25	
9	74	26	
9	74	27	
9	74	28	
9	74	29	
9	74	30	
9	74	31	
9	74	32	
9	74	33	
9	74	34	
9	74	35	
9	74	36	
9	74	37	
9	74	38	
9	74	39	
9	74	40	
9	74	41	
9	74	42	
9	74	43	
9	74	44	
9	74	45	
9	74	46	
9	74	47	
9	74	48	
9	74	49	
9	74	50	
9	74	51	
9	74	52	
9	74	53	
9	74	54	
9	74	55	
9	74	56	
9	74	57	
9	74	58	
9	74	59	
9	74	60	
9	74	61	
9	74	62	
9	74	63	
9	74	64	
9	74	65	
9	74	66	
9	74	67	
9	74	68	
9	74	69	
9	74	70	
9	74	71	
9	74	72	
9	74	73	
9	74	74	
9	74	75	
9	74	76	
9	74	77	
9	74	78	
9	74	79	
9	74	80	
9	74	81	
9	74	82	
9	74	83	
8	74	83	
8	73	83	
8	72	83	
8	71	83	
8	70	83	
8	69	83	
8	68	83	
8	67	83	
8	66	83	
8	65	83	
8	64	83	
8	63	83	
8	62	83	
8	61	83	
8	60	83	
8	59	83	
8	58	83	
8	57	83	
8	56	83	
8	55	83	
8	54	83	
8	53	83	
8	52	83	
8	51	83	
8	50	83	
8	49	83	
8	48	83	
8	47	83	
8	46	83	
8	45	83	
8	44	83	
8	43	83	
8	42	83	
8	41	83	
8	40	83	
8	39	83	
8	38	83	
8	37	83	
8	36	83	
8	35	83	
8	34	83	
8	33	83	
8	32	83	
8	31	83	
8	30	83	
8	29	83	
8	28	83	
8	27	83	
8	26	83	
8	25	83	
8	24	83	
8	23	83	
8	22	83	
8	21	83	
8	20	83	
8	19	83	
8	18	83	
8	17	83	
8	16	83	
8	15	83	
8	14	83	
8	13	83	
8	12	83	
8	11	83	
8	10	83	
8	9	83	
8	8	83	
8	7	83	
8	6	83	
8	5	83	
9	5	83	
0
64	1w2s	pin_out_64	pin_in_64
9	36	91	
9	36	90	
9	36	89	
9	36	88	
9	36	87	
9	36	86	
9	36	85	
9	36	84	
9	36	83	
9	36	82	
9	36	81	
9	36	80	
9	36	79	
9	36	78	
9	36	77	
9	36	76	
9	36	75	
9	36	74	
9	36	73	
9	36	72	
9	36	71	
9	36	70	
9	36	69	
9	36	68	
9	36	67	
9	36	66	
9	36	65	
9	36	64	
9	36	63	
9	36	62	
9	36	61	
9	36	60	
9	36	59	
9	36	58	
9	36	57	
9	36	56	
9	36	55	
9	36	54	
9	36	53	
9	36	52	
9	36	51	
9	36	50	
9	36	49	
9	36	48	
9	36	47	
9	36	46	
9	36	45	
9	36	44	
9	36	43	
9	36	42	
9	36	41	
9	36	40	
9	36	39	
9	36	38	
9	36	37	
9	36	36	
9	36	35	
9	36	34	
9	36	33	
9	36	32	
9	36	31	
9	36	30	
9	36	29	
9	36	28	
9	36	27	
9	36	26	
9	36	25	
9	36	24	
9	36	23	
9	36	22	
9	36	21	
9	36	20	
9	36	19	
9	36	18	
9	36	17	
9	36	16	
9	36	15	
9	36	14	
9	36	13	
9	36	12	
8	36	12	
8	35	12	
8	34	12	
8	33	12	
8	32	12	
9	32	12	
0
65	1w2s	pin_out_65	pin_in_65
9	44	62	
9	44	63	
9	44	64	
9	44	65	
9	44	66	
9	44	67	
9	44	68	
9	44	69	
9	44	70	
9	44	71	
9	44	72	
9	44	73	
9	44	74	
9	44	75	
9	44	76	
9	44	77	
9	44	78	
9	44	79	
9	44	80	
9	44	81	
8	44	81	
8	45	81	
8	46	81	
8	47	81	
8	48	81	
8	49	81	
9	49	81	
0
66	1w2s	pin_out_66	pin_in_66
8	68	53	
8	67	53	
8	66	53	
8	65	53	
8	64	53	
8	63	53	
8	62	53	
8	61	53	
8	60	53	
8	59	53	
8	58	53	
8	57	53	
8	56	53	
8	55	53	
8	54	53	
8	53	53	
8	52	53	
8	51	53	
8	50	53	
8	49	53	
8	48	53	
8	47	53	
8	46	53	
8	45	53	
8	44	53	
8	43	53	
8	42	53	
8	41	53	
8	40	53	
8	39	53	
8	38	53	
8	37	53	
8	36	53	
8	35	53	
8	34	53	
8	33	53	
8	32	53	
8	31	53	
8	30	53	
8	29	53	
8	28	53	
8	27	53	
8	26	53	
8	25	53	
8	24	53	
8	23	53	
8	22	53	
8	21	53	
8	20	53	
8	19	53	
8	18	53	
8	17	53	
9	17	53	
9	17	52	
9	17	51	
9	17	50	
9	17	49	
9	17	48	
9	17	47	
9	17	46	
9	17	45	
9	17	44	
9	17	43	
9	17	42	
9	17	41	
9	17	40	
9	17	39	
9	17	38	
9	17	37	
9	17	36	
9	17	35	
9	17	34	
9	17	33	
9	17	32	
9	17	31	
9	17	30	
8	17	30	
0
67	1w2s_shield	pin_out_67	pin_in_67
11	7	0	
11	7	1	
11	7	2	
11	7	3	
11	7	4	
11	7	5	
11	7	6	
11	7	7	
11	7	8	
11	7	9	
11	7	10	
11	7	11	
11	7	12	
11	7	13	
11	7	14	
11	7	15	
11	7	16	
11	7	17	
11	7	18	
11	7	19	
11	7	20	
11	7	21	
11	7	22	
11	7	23	
11	7	24	
11	7	25	
11	7	26	
11	7	27	
11	7	28	
11	7	29	
11	7	30	
11	7	31	
11	7	32	
11	7	33	
11	7	34	
11	7	35	
11	7	36	
11	7	37	
11	7	38	
11	7	39	
11	7	40	
11	7	41	
11	7	42	
11	7	43	
11	7	44	
11	7	45	
11	7	46	
11	7	47	
11	7	48	
11	7	49	
11	7	50	
11	7	51	
11	7	52	
11	7	53	
11	7	54	
11	7	55	
11	7	56	
11	7	57	
11	7	58	
11	7	59	
11	7	60	
11	7	61	
11	7	62	
11	7	63	
11	7	64	
11	7	65	
11	7	66	
11	7	67	
11	7	68	
11	7	69	
11	7	70	
11	7	71	
11	7	72	
11	7	73	
11	7	74	
11	7	75	
11	7	76	
11	7	77	
11	7	78	
11	7	79	
10	7	79	
10	8	79	
10	9	79	
10	10	79	
10	11	79	
10	12	79	
10	13	79	
10	14	79	
10	15	79	
10	16	79	
10	17	79	
10	18	79	
10	19	79	
10	20	79	
10	21	79	
10	22	79	
10	23	79	
10	24	79	
10	25	79	
10	26	79	
10	27	79	
10	28	79	
10	29	79	
10	30	79	
10	31	79	
10	32	79	
10	33	79	
10	34	79	
10	35	79	
10	36	79	
10	37	79	
10	38	79	
10	39	79	
10	40	79	
10	41	79	
10	42	79	
10	43	79	
10	44	79	
10	45	79	
10	46	79	
10	47	79	
10	48	79	
10	49	79	
10	50	79	
10	51	79	
10	52	79	
10	53	79	
10	54	79	
10	55	79	
10	56	79	
10	57	79	
10	58	79	
10	59	79	
0
68	default	pin_out_68	pin_in_68
6	46	59	
6	45	59	
6	44	59	
6	43	59	
6	42	59	
6	41	59	
6	40	59	
6	39	59	
6	38	59	
6	37	59	
6	36	59	
6	35	59	
6	34	59	
6	33	59	
7	33	59	
7	33	58	
7	33	57	
7	33	56	
7	33	55	
7	33	54	
7	33	53	
7	33	52	
7	33	51	
7	33	50	
7	33	49	
7	33	48	
7	33	47	
7	33	46	
7	33	45	
7	33	44	
8	33	44	
0
69	default	pin_out_69	pin_in_69
8	42	65	
8	43	65	
8	44	65	
8	45	65	
8	46	65	
8	47	65	
8	48	65	
8	49	65	
8	50	65	
8	51	65	
8	52	65	
8	53	65	
7	53	65	
7	53	64	
7	53	63	
7	53	62	
7	53	61	
7	53	60	
7	53	59	
7	53	58	
7	53	57	
7	53	56	
7	53	55	
7	53	54	
7	53	53	
7	53	52	
7	53	51	
7	53	50	
7	53	49	
7	53	48	
7	53	47	
7	53	46	
7	53	45	
7	53	44	
7	53	43	
7	53	42	
7	53	41	
7	53	40	
7	53	39	
7	53	38	
7	53	37	
7	53	36	
7	53	35	
7	53	34	
7	53	33	
7	53	32	
7	53	31	
7	53	30	
0
70	default	pin_out_70	pin_in_70
6	61	8	
6	62	8	
6	63	8	
6	64	8	
6	65	8	
6	66	8	
6	67	8	
6	68	8	
6	69	8	
6	70	8	
6	71	8	
6	72	8	
6	73	8	
6	74	8	
6	75	8	
6	76	8	
6	77	8	
6	78	8	
6	79	8	
6	80	8	
6	81	8	
6	82	8	
6	83	8	
6	84	8	
6	85	8	
6	86	8	
6	87	8	
6	88	8	
6	89	8	
7	89	8	
7	89	9	
7	89	10	
7	89	11	
7	89	12	
7	89	13	
7	89	14	
7	89	15	
7	89	16	
7	89	17	
7	89	18	
7	89	19	
7	89	20	
7	89	21	
7	89	22	
7	89	23	
7	89	24	
7	89	25	
7	89	26	
7	89	27	
7	89	28	
7	89	29	
7	89	30	
7	89	31	
7	89	32	
7	89	33	
7	89	34	
7	89	35	
7	89	36	
7	89	37	
7	89	38	
7	89	39	
7	89	40	
7	89	41	
7	89	42	
7	89	43	
7	89	44	
7	89	45	
7	89	46	
7	89	47	
0
71	default	pin_out_71	pin_in_71
8	39	71	
8	38	71	
8	37	71	
8	36	71	
8	35	71	
8	34	71	
8	33	71	
8	32	71	
8	31	71	
8	30	71	
8	29	71	
8	28	71	
8	27	71	
8	26	71	
8	25	71	
8	24	71	
8	23	71	
8	22	71	
8	21	71	
8	20	71	
9	20	71	
9	20	70	
9	20	69	
9	20	68	
9	20	67	
9	20	66	
9	20	65	
9	20	64	
9	20	63	
9	20	62	
9	20	61	
9	20	60	
9	20	59	
9	20	58	
9	20	57	
9	20	56	
9	20	55	
9	20	54	
9	20	53	
9	20	52	
9	20	51	
9	20	50	
9	20	49	
9	20	48	
9	20	47	
9	20	46	
9	20	45	
9	20	44	
9	20	43	
9	20	42	
9	20	41	
9	20	40	
9	20	39	
9	20	38	
9	20	37	
9	20	36	
9	20	35	
9	20	34	
9	20	33	
9	20	32	
9	20	31	
9	20	30	
9	20	29	
9	20	28	
9	20	27	
9	20	26	
9	20	25	
9	20	24	
9	20	23	
9	20	22	
9	20	21	
9	20	20	
9	20	19	
9	20	18	
9	20	17	
9	20	16	
9	20	15	
9	20	14	
9	20	13	
9	20	12	
9	20	11	
9	20	10	
9	20	9	
9	20	8	
0
72	default	pin_out_72	pin_in_72
6	6	13	
6	5	13	
6	4	13	
7	4	13	
7	4	14	
7	4	15	
7	4	16	
7	4	17	
7	4	18	
7	4	19	
7	4	20	
7	4	21	
7	4	22	
7	4	23	
7	4	24	
7	4	25	
7	4	26	
7	4	27	
7	4	28	
7	4	29	
7	4	30	
7	4	31	
7	4	32	
7	4	33	
7	4	34	
7	4	35	
7	4	36	
7	4	37	
7	4	38	
7	4	39	
7	4	40	
7	4	41	
7	4	42	
7	4	43	
7	4	44	
7	4	45	
7	4	46	
7	4	47	
7	4	48	
7	4	49	
7	4	50	
7	4	51	
7	4	52	
7	4	53	
7	4	54	
7	4	55	
7	4	56	
7	4	57	
8	4	57	
0
73	default	pin_out_73	pin_in_73
8	73	38	
8	72	38	
8	71	38	
8	70	38	
8	69	38	
8	68	38	
8	67	38	
8	66	38	
8	65	38	
8	64	38	
8	63	38	
8	62	38	
8	61	38	
8	60	38	
8	59	38	
8	58	38	
8	57	38	
8	56	38	
8	55	38	
8	54	38	
8	53	38	
8	52	38	
8	51	38	
8	50	38	
8	49	38	
8	48	38	
8	47	38	
8	46	38	
8	45	38	
8	44	38	
8	43	38	
8	42	38	
8	41	38	
8	40	38	
8	39	38	
7	39	38	
7	39	39	
7	39	40	
7	39	41	
7	39	42	
7	39	43	
7	39	44	
7	39	45	
7	39	46	
7	39	47	
7	39	48	
7	39	49	
7	39	50	
7	39	51	
7	39	52	
7	39	53	
7	39	54	
7	39	55	
7	39	56	
7	39	57	
7	39	58	
7	39	59	
7	39	60	
7	39	61	
7	39	62	
7	39	63	
7	39	64	
7	39	65	
7	39	66	
7	39	67	
7	39	68	
7	39	69	
7	39	70	
7	39	71	
7	39	72	
7	39	73	
7	39	74	
7	39	75	
7	39	76	
7	39	77	
8	39	77	
0
74	default	pin_out_74	pin_in_74
7	57	54	
7	57	53	
8	57	53	
8	56	53	
8	55	53	
8	54	53	
8	53	53	
8	52	53	
8	51	53	
8	50	53	
8	49	53	
8	48	53	
8	47	53	
8	46	53	
8	45	53	
8	44	53	
8	43	53	
8	42	53	
0
75	default	pin_out_75	pin_in_75
8	16	12	
8	17	12	
8	18	12	
8	19	12	
8	20	12	
8	21	12	
8	22	12	
8	23	12	
8	24	12	
8	25	12	
8	26	12	
8	27	12	
8	28	12	
8	29	12	
8	30	12	
8	31	12	
8	32	12	
8	33	12	
8	34	12	
8	35	12	
8	36	12	
8	37	12	
8	38	12	
8	39	12	
8	40	12	
8	41	12	
8	42	12	
8	43	12	
8	44	12	
8	45	12	
8	46	12	
8	47	12	
8	48	12	
8	49	12	
8	50	12	
8	51	12	
8	52	12	
8	53	12	
8	54	12	
8	55	12	
8	56	12	
8	57	12	
8	58	12	
8	59	12	
8	60	12	
8	61	12	
8	62	12	
8	63	12	
8	64	12	
8	65	12	
8	66	12	
8	67	12	
8	68	12	
8	69	12	
8	70	12	
8	71	12	
8	72	12	
7	72	12	
7	72	13	
7	72	14	
7	72	15	
7	72	16	
7	72	17	
7	72	18	
7	72	19	
7	72	20	
7	72	21	
7	72	22	
7	72	23	
7	72	24	
7	72	25	
7	72	26	
7	72	27	
7	72	28	
7	72	29	
7	72	30	
7	72	31	
7	72	32	
7	72	33	
7	72	34	
7	72	35	
7	72	36	
7	72	37	
7	72	38	
7	72	39	
7	72	40	
7	72	41	
7	72	42	
7	72	43	
7	72	44	
7	72	45	
7	72	46	
7	72	47	
7	72	48	
7	72	49	
7	72	50	
7	72	51	
0
76	default	pin_out_76	pin_in_76
9	49	61	
9	49	60	
9	49	59	
9	49	58	
9	49	57	
9	49	56	
9	49	55	
9	49	54	
9	49	53	
9	49	52	
9	49	51	
9	49	50	
9	49	49	
9	49	48	
9	49	47	
9	49	46	
9	49	45	
9	49	44	
9	49	43	
9	49	42	
8	49	42	
8	50	42	
8	51	42	
8	52	42	
8	53	42	
8	54	42	
8	55	42	
8	56	42	
8	57	42	
8	58	42	
8	59	42	
8	60	42	
8	61	42	
8	62	42	
8	63	42	
8	64	42	
8	65	42	
8	66	42	
8	67	42	
8	68	42	
8	69	42	
9	69	42	
0
77	default	pin_out_77	pin_in_77
7	20	73	
7	20	72	
7	20	71	
7	20	70	
7	20	69	
7	20	68	
7	20	67	
7	20	66	
7	20	65	
7	20	64	
7	20	63	
7	20	62	
7	20	61	
7	20	60	
7	20	59	
7	20	58	
7	20	57	
7	20	56	
7	20	55	
7	20	54	
7	20	53	
7	20	52	
7	20	51	
7	20	50	
7	20	49	
7	20	48	
7	20	47	
7	20	46	
7	20	45	
7	20	44	
7	20	43	
7	20	42	
7	20	41	
7	20	40	
7	20	39	
7	20	38	
7	20	37	
7	20	36	
7	20	35	
7	20	34	
7	20	33	
7	20	32	
7	20	31	
8	20	31	
8	19	31	
8	18	31	
8	17	31	
8	16	31	
8	15	31	
8	14	31	
8	13	31	
8	12	31	
8	11	31	
0
78	1w2s	pin_out_78	pin_in_78
8	88	44	
8	87	44	
8	86	44	
8	85	44	
8	84	44	
8	83	44	
8	82	44	
8	81	44	
8	80	44	
8	79	44	
8	78	44	
8	77	44	
8	76	44	
8	75	44	
8	74	44	
8	73	44	
8	72	44	
8	71	44	
8	70	44	
8	69	44	
8	68	44	
8	67	44	
8	66	44	
8	65	44	
8	64	44	
8	63	44	
8	62	44	
8	61	44	
8	60	44	
8	59	44	
8	58	44	
8	57	44	
8	56	44	
8	55	44	
8	54	44	
8	53	44	
8	52	44	
8	51	44	
8	50	44	
8	49	44	
8	48	44	
8	47	44	
8	46	44	
8	45	44	
8	44	44	
8	43	44	
8	42	44	
8	41	44	
8	40	44	
8	39	44	
8	38	44	
8	37	44	
8	36	44	
8	35	44	
8	34	44	
8	33	44	
8	32	44	
8	31	44	
8	30	44	
8	29	44	
8	28	44	
8	27	44	
8	26	44	
8	25	44	
8	24	44	
8	23	44	
8	22	44	
8	21	44	
8	20	44	
8	19	44	
8	18	44	
8	17	44	
8	16	44	
8	15	44	
8	14	44	
8	13	44	
8	12	44	
8	11	44	
8	10	44	
8	9	44	
8	8	44	
8	7	44	
8	6	44	
9	6	44	
9	6	43	
9	6	42	
9	6	41	
9	6	40	
9	6	39	
9	6	38	
9	6	37	
9	6	36	
9	6	35	
9	6	34	
9	6	33	
9	6	32	
9	6	31	
9	6	30	
0
79	default	pin_out_79	pin_in_79
9	81	14	
9	81	13	
9	81	12	
9	81	11	
9	81	10	
9	81	9	
9	81	8	
9	81	7	
9	81	6	
9	81	5	
9	81	4	
9	81	3	
9	81	2	
9	81	1	
8	81	1	
8	80	1	
8	79	1	
8	78	1	
8	77	1	
8	76	1	
8	75	1	
8	74	1	
8	73	1	
8	72	1	
8	71	1	
8	70	1	
8	69	1	
8	68	1	
8	67	1	
8	66	1	
8	65	1	
8	64	1	
8	63	1	
8	62	1	
8	61	1	
8	60	1	
8	59	1	
8	58	1	
8	57	1	
8	56	1	
8	55	1	
8	54	1	
8	53	1	
8	52	1	
8	51	1	
8	50	1	
8	49	1	
8	48	1	
8	47	1	
8	46	1	
8	45	1	
8	44	1	
8	43	1	
8	42	1	
8	41	1	
8	40	1	
8	39	1	
8	38	1	
8	37	1	
8	36	1	
8	35	1	
8	34	1	
8	33	1	
8	32	1	
8	31	1	
8	30	1	
8	29	1	
8	28	1	
8	27	1	
8	26	1	
8	25	1	
8	24	1	
8	23	1	
8	22	1	
8	21	1	
8	20	1	
8	19	1	
8	18	1	
8	17	1	
8	16	1	
8	15	1	
8	14	1	
8	13	1	
8	12	1	
8	11	1	
8	10	1	
8	9	1	
8	8	1	
0
80	1w2s_shield	pin_out_80	pin_in_80
11	42	64	
11	42	63	
11	42	62	
11	42	61	
11	42	60	
11	42	59	
11	42	58	
11	42	57	
11	42	56	
11	42	55	
11	42	54	
11	42	53	
11	42	52	
11	42	51	
11	42	50	
11	42	49	
11	42	48	
11	42	47	
11	42	46	
11	42	45	
11	42	44	
11	42	43	
11	42	42	
11	42	41	
11	42	40	
11	42	39	
11	42	38	
11	42	37	
11	42	36	
11	42	35	
11	42	34	
11	42	33	
11	42	32	
11	42	31	
10	42	31	
10	43	31	
10	44	31	
10	45	31	
10	46	31	
10	47	31	
10	48	31	
10	49	31	
10	50	31	
10	51	31	
10	52	31	
10	53	31	
10	54	31	
10	55	31	
10	56	31	
10	57	31	
10	58	31	
10	59	31	
10	60	31	
10	61	31	
11	61	31	
0
81	default	pin_out_81	pin_in_81
9	72	71	
9	72	70	
9	72	69	
9	72	68	
9	72	67	
9	72	66	
9	72	65	
9	72	64	
9	72	63	
9	72	62	
9	72	61	
9	72	60	
9	72	59	
9	72	58	
9	72	57	
9	72	56	
9	72	55	
9	72	54	
9	72	53	
9	72	52	
9	72	51	
9	72	50	
9	72	49	
9	72	48	
9	72	47	
9	72	46	
9	72	45	
9	72	44	
9	72	43	
9	72	42	
9	72	41	
9	72	40	
9	72	39	
9	72	38	
9	72	37	
9	72	36	
9	72	35	
9	72	34	
9	72	33	
9	72	32	
9	72	31	
9	72	30	
9	72	29	
9	72	28	
9	72	27	
9	72	26	
9	72	25	
9	72	24	
9	72	23	
9	72	22	
9	72	21	
9	72	20	
9	72	19	
9	72	18	
9	72	17	
9	72	16	
9	72	15	
9	72	14	
9	72	13	
9	72	12	
9	72	11	
9	72	10	
8	72	10	
8	71	10	
8	70	10	
8	69	10	
8	68	10	
8	67	10	
8	66	10	
8	65	10	
8	64	10	
8	63	10	
8	62	10	
8	61	10	
8	60	10	
8	59	10	
8	58	10	
8	57	10	
8	56	10	
8	55	10	
8	54	10	
8	53	10	
8	52	10	
8	51	10	
8	50	10	
8	49	10	
8	48	10	
8	47	10	
8	46	10	
8	45	10	
8	44	10	
8	43	10	
8	42	10	
8	41	10	
8	40	10	
8	39	10	
8	38	10	
8	37	10	
8	36	10	
8	35	10	
8	34	10	
8	33	10	
8	32	10	
8	31	10	
8	30	10	
8	29	10	
8	28	10	
8	27	10	
8	26	10	
8	25	10	
8	24	10	
8	23	10	
8	22	10	
8	21	10	
8	20	10	
8	19	10	
8	18	10	
8	17	10	
8	16	10	
8	15	10	
8	14	10	
8	13	10	
8	12	10	
8	11	10	
8	10	10	
8	9	10	
8	8	10	
8	7	10	
9	7	10	
0
82	default	pin_out_82	pin_in_82
7	46	49	
7	46	48	
7	46	47	
7	46	46	
7	46	45	
7	46	44	
7	46	43	
7	46	42	
7	46	41	
7	46	40	
7	46	39	
7	46	38	
7	46	37	
7	46	36	
7	46	35	
7	46	34	
7	46	33	
7	46	32	
7	46	31	
7	46	30	
7	46	29	
7	46	28	
7	46	27	
7	46	26	
7	46	25	
7	46	24	
8	46	24	
8	47	24	
8	48	24	
8	49	24	
8	50	24	
8	51	24	
8	52	24	
8	53	24	
8	54	24	
8	55	24	
8	56	24	
8	57	24	
8	58	24	
8	59	24	
8	60	24	
8	61	24	
8	62	24	
8	63	24	
8	64	24	
8	65	24	
8	66	24	
8	67	24	
8	68	24	
8	69	24	
8	70	24	
8	71	24	
8	72	24	
8	73	24	
9	73	24	
0
83	1w2s_shield	pin_out_83	pin_in_83
11	11	30	
11	11	31	
11	11	32	
11	11	33	
11	11	34	
11	11	35	
11	11	36	
11	11	37	
11	11	38	
11	11	39	
11	11	40	
11	11	41	
11	11	42	
11	11	43	
11	11	44	
11	11	45	
11	11	46	
11	11	47	
11	11	48	
11	11	49	
11	11	50	
11	11	51	
11	11	52	
11	11	53	
11	11	54	
11	11	55	
11	11	56	
11	11	57	
11	11	58	
11	11	59	
11	11	60	
11	11	61	
11	11	62	
11	11	63	
11	11	64	
11	11	65	
11	11	66	
11	11	67	
11	11	68	
11	11	69	
11	11	70	
11	11	71	
11	11	72	
11	11	73	
11	11	74	
11	11	75	
11	11	76	
11	11	77	
11	11	78	
11	11	79	
11	11	80	
11	11	81	
11	11	82	
11	11	83	
11	11	84	
11	11	85	
11	11	86	
11	11	87	
11	11	88	
10	11	88	
10	12	88	
10	13	88	
10	14	88	
10	15	88	
10	16	88	
10	17	88	
10	18	88	
10	19	88	
10	20	88	
10	21	88	
10	22	88	
10	23	88	
10	24	88	
10	25	88	
10	26	88	
10	27	88	
10	28	88	
10	29	88	
10	30	88	
10	31	88	
10	32	88	
10	33	88	
10	34	88	
10	35	88	
10	36	88	
10	37	88	
10	38	88	
10	39	88	
10	40	88	
10	41	88	
10	42	88	
10	43	88	
10	44	88	
10	45	88	
10	46	88	
10	47	88	
11	47	88	
0
84	default	pin_out_84	pin_in_84
8	76	38	
8	75	38	
8	74	38	
8	73	38	
8	72	38	
8	71	38	
8	70	38	
8	69	38	
8	68	38	
8	67	38	
8	66	38	
8	65	38	
8	64	38	
8	63	38	
8	62	38	
8	61	38	
8	60	38	
8	59	38	
8	58	38	
8	57	38	
8	56	38	
8	55	38	
8	54	38	
8	53	38	
8	52	38	
8	51	38	
8	50	38	
8	49	38	
8	48	38	
8	47	38	
8	46	38	
8	45	38	
8	44	38	
8	43	38	
8	42	38	
8	41	38	
8	40	38	
8	39	38	
8	38	38	
8	37	38	
8	36	38	
8	35	38	
8	34	38	
8	33	38	
8	32	38	
8	31	38	
8	30	38	
8	29	38	
8	28	38	
8	27	38	
8	26	38	
8	25	38	
8	24	38	
8	23	38	
8	22	38	
8	21	38	
8	20	38	
8	19	38	
8	18	38	
8	17	38	
8	16	38	
8	15	38	
8	14	38	
8	13	38	
8	12	38	
8	11	38	
8	10	38	
8	9	38	
8	8	38	
8	7	38	
8	6	38	
8	5	38	
8	4	38	
8	3	38	
8	2	38	
8	1	38	
8	0	38	
9	0	38	
9	0	37	
9	0	36	
9	0	35	
9	0	34	
9	0	33	
9	0	32	
9	0	31	
9	0	30	
0
85	default	pin_out_85	pin_in_85
7	18	21	
7	18	20	
7	18	19	
7	18	18	
7	18	17	
7	18	16	
7	18	15	
7	18	14	
7	18	13	
7	18	12	
7	18	11	
7	18	10	
7	18	9	
7	18	8	
7	18	7	
8	18	7	
8	19	7	
8	20	7	
8	21	7	
8	22	7	
8	23	7	
8	24	7	
8	25	7	
8	26	7	
8	27	7	
8	28	7	
8	29	7	
8	30	7	
8	31	7	
8	32	7	
8	33	7	
8	34	7	
8	35	7	
8	36	7	
8	37	7	
8	38	7	
8	39	7	
8	40	7	
9	40	7	
0
86	1w2s_shield	pin_out_86	pin_in_86
10	56	33	
11	56	33	
11	56	34	
11	56	35	
11	56	36	
11	56	37	
11	56	38	
11	56	39	
11	56	40	
11	56	41	
11	56	42	
11	56	43	
11	56	44	
11	56	45	
11	56	46	
11	56	47	
11	56	48	
11	56	49	
11	56	50	
11	56	51	
11	56	52	
11	56	53	
11	56	54	
11	56	55	
11	56	56	
11	56	57	
11	56	58	
11	56	59	
11	56	60	
11	56	61	
11	56	62	
11	56	63	
11	56	64	
11	56	65	
11	56	66	
10	56	66	
10	57	66	
10	58	66	
10	59	66	
10	60	66	
10	61	66	
10	62	66	
10	63	66	
10	64	66	
10	65	66	
10	66	66	
10	67	66	
10	68	66	
10	69	66	
10	70	66	
10	71	66	
10	72	66	
10	73	66	
10	74	66	
10	75	66	
10	76	66	
10	77	66	
10	78	66	
10	79	66	
10	80	66	
10	81	66	
10	82	66	
10	83	66	
10	84	66	
10	85	66	
10	86	66	
10	87	66	
10	88	66	
10	89	66	
10	90	66	
10	91	66	
0
87	default	pin_out_87	pin_in_87
6	13	73	
6	12	73	
6	11	73	
6	10	73	
6	9	73	
6	8	73	
6	7	73	
6	6	73	
6	5	73	
7	5	73	
7	5	72	
7	5	71	
7	5	70	
7	5	69	
7	5	68	
7	5	67	
7	5	66	
7	5	65	
7	5	64	
7	5	63	
7	5	62	
7	5	61	
7	5	60	
7	5	59	
7	5	58	
7	5	57	
7	5	56	
7	5	55	
7	5	54	
7	5	53	
7	5	52	
7	5	51	
7	5	50	
7	5	49	
7	5	48	
7	5	47	
7	5	46	
7	5	45	
7	5	44	
7	5	43	
7	5	42	
7	5	41	
7	5	40	
7	5	39	
0
88	1w2s_shield	pin_out_88	pin_in_88
11	27	4	
11	27	5	
11	27	6	
11	27	7	
11	27	8	
11	27	9	
11	27	10	
11	27	11	
11	27	12	
11	27	13	
11	27	14	
11	27	15	
11	27	16	
11	27	17	
11	27	18	
11	27	19	
11	27	20	
11	27	21	
11	27	22	
11	27	23	
11	27	24	
11	27	25	
11	27	26	
11	27	27	
11	27	28	
11	27	29	
11	27	30	
11	27	31	
11	27	32	
11	27	33	
11	27	34	
11	27	35	
11	27	36	
11	27	37	
11	27	38	
11	27	39	
11	27	40	
11	27	41	
11	27	42	
11	27	43	
11	27	44	
11	27	45	
11	27	46	
11	27	47	
10	27	47	
10	28	47	
10	29	47	
10	30	47	
10	31	47	
10	32	47	
10	33	47	
10	34	47	
10	35	47	
10	36	47	
10	37	47	
10	38	47	
10	39	47	
10	40	47	
10	41	47	
10	42	47	
10	43	47	
10	44	47	
10	45	47	
10	46	47	
10	47	47	
10	48	47	
10	49	47	
10	50	47	
10	51	47	
10	52	47	
10	53	47	
10	54	47	
10	55	47	
10	56	47	
10	57	47	
10	58	47	
10	59	47	
10	60	47	
10	61	47	
10	62	47	
11	62	47	
0
89	default	pin_out_89	pin_in_89
7	86	7	
7	86	8	
7	86	9	
7	86	10	
7	86	11	
7	86	12	
7	86	13	
7	86	14	
8	86	14	
8	85	14	
8	84	14	
8	83	14	
8	82	14	
8	81	14	
8	80	14	
8	79	14	
8	78	14	
8	77	14	
8	76	14	
8	75	14	
8	74	14	
8	73	14	
8	72	14	
8	71	14	
8	70	14	
8	69	14	
8	68	14	
8	67	14	
8	66	14	
8	65	14	
8	64	14	
8	63	14	
8	62	14	
8	61	14	
8	60	14	
8	59	14	
8	58	14	
8	57	14	
8	56	14	
8	55	14	
8	54	14	
8	53	14	
8	52	14	
8	51	14	
8	50	14	
8	49	14	
8	48	14	
8	47	14	
0
90	1w2s	pin_out_90	pin_in_90
9	28	74	
9	28	73	
9	28	72	
9	28	71	
9	28	70	
9	28	69	
9	28	68	
9	28	67	
9	28	66	
9	28	65	
9	28	64	
9	28	63	
9	28	62	
9	28	61	
9	28	60	
9	28	59	
9	28	58	
9	28	57	
9	28	56	
9	28	55	
9	28	54	
9	28	53	
9	28	52	
9	28	51	
9	28	50	
9	28	49	
9	28	48	
9	28	47	
9	28	46	
9	28	45	
9	28	44	
9	28	43	
9	28	42	
9	28	41	
9	28	40	
9	28	39	
9	28	38	
9	28	37	
9	28	36	
9	28	35	
9	28	34	
9	28	33	
9	28	32	
9	28	31	
9	28	30	
9	28	29	
9	28	28	
9	28	27	
9	28	26	
9	28	25	
9	28	24	
9	28	23	
9	28	22	
9	28	21	
9	28	20	
9	28	19	
9	28	18	
9	28	17	
9	28	16	
9	28	15	
9	28	14	
9	28	13	
9	28	12	
9	28	11	
9	28	10	
9	28	9	
9	28	8	
9	28	7	
9	28	6	
9	28	5	
9	28	4	
9	28	3	
9	28	2	
8	28	2	
8	27	2	
8	26	2	
8	25	2	
8	24	2	
8	23	2	
8	22	2	
8	21	2	
8	20	2	
8	19	2	
8	18	2	
8	17	2	
8	16	2	
8	15	2	
8	14	2	
8	13	2	
8	12	2	
8	11	2	
8	10	2	
8	9	2	
8	8	2	
8	7	2	
9	7	2	
0
91	1w2s	pin_out_91	pin_in_91
9	18	58	
9	18	57	
9	18	56	
9	18	55	
9	18	54	
9	18	53	
9	18	52	
9	18	51	
9	18	50	
9	18	49	
9	18	48	
9	18	47	
9	18	46	
9	18	45	
9	18	44	
9	18	43	
9	18	42	
9	18	41	
9	18	40	
9	18	39	
9	18	38	
9	18	37	
9	18	36	
9	18	35	
9	18	34	
9	18	33	
9	18	32	
9	18	31	
9	18	30	
9	18	29	
9	18	28	
9	18	27	
9	18	26	
9	18	25	
9	18	24	
9	18	23	
9	18	22	
9	18	21	
8	18	21	
8	19	21	
9	19	21	
0
92	1w2s	pin_out_92	pin_in_92
9	29	81	
9	29	80	
9	29	79	
9	29	78	
9	29	77	
9	29	76	
9	29	75	
9	29	74	
9	29	73	
9	29	72	
9	29	71	
9	29	70	
9	29	69	
9	29	68	
9	29	67	
9	29	66	
9	29	65	
9	29	64	
9	29	63	
9	29	62	
9	29	61	
9	29	60	
9	29	59	
9	29	58	
9	29	57	
9	29	56	
9	29	55	
9	29	54	
9	29	53	
9	29	52	
9	29	51	
9	29	50	
9	29	49	
9	29	48	
9	29	47	
9	29	46	
9	29	45	
9	29	44	
9	29	43	
9	29	42	
9	29	41	
9	29	40	
9	29	39	
9	29	38	
9	29	37	
9	29	36	
9	29	35	
9	29	34	
9	29	33	
9	29	32	
9	29	31	
9	29	30	
9	29	29	
9	29	28	
9	29	27	
9	29	26	
9	29	25	
9	29	24	
9	29	23	
9	29	22	
9	29	21	
9	29	20	
9	29	19	
9	29	18	
9	29	17	
9	29	16	
9	29	15	
9	29	14	
9	29	13	
9	29	12	
9	29	11	
9	29	10	
9	29	9	
8	29	9	
8	30	9	
8	31	9	
8	32	9	
8	33	9	
8	34	9	
8	35	9	
8	36	9	
8	37	9	
8	38	9	
8	39	9	
8	40	9	
8	41	9	
8	42	9	
8	43	9	
8	44	9	
8	45	9	
8	46	9	
8	47	9	
8	48	9	
8	49	9	
8	50	9	
8	51	9	
8	52	9	
8	53	9	
8	54	9	
8	55	9	
8	56	9	
8	57	9	
8	58	9	
8	59	9	
8	60	9	
8	61	9	
8	62	9	
8	63	9	
8	64	9	
8	65	9	
8	66	9	
8	67	9	
8	68	9	
9	68	9	
0
93	default	pin_out_93	pin_in_93
7	88	39	
7	88	38	
7	88	37	
7	88	36	
7	88	35	
7	88	34	
7	88	33	
7	88	32	
7	88	31	
7	88	30	
7	88	29	
7	88	28	
7	88	27	
7	88	26	
7	88	25	
7	88	24	
7	88	23	
7	88	22	
7	88	21	
7	88	20	
7	88	19	
8	88	19	
8	87	19	
8	86	19	
8	85	19	
8	84	19	
8	83	19	
8	82	19	
8	81	19	
8	80	19	
8	79	19	
8	78	19	
8	77	19	
8	76	19	
8	75	19	
8	74	19	
8	73	19	
8	72	19	
8	71	19	
8	70	19	
8	69	19	
8	68	19	
8	67	19	
8	66	19	
8	65	19	
8	64	19	
8	63	19	
8	62	19	
8	61	19	
8	60	19	
8	59	19	
8	58	19	
8	57	19	
8	56	19	
8	55	19	
8	54	19	
8	53	19	
8	52	19	
8	51	19	
8	50	19	
8	49	19	
8	48	19	
8	47	19	
8	46	19	
8	45	19	
8	44	19	
8	43	19	
8	42	19	
8	41	19	
8	40	19	
8	39	19	
8	38	19	
8	37	19	
8	36	19	
8	35	19	
8	34	19	
8	33	19	
8	32	19	
8	31	19	
8	30	19	
8	29	19	
9	29	19	
0
94	1w2s_shield	pin_out_94	pin_in_94
11	64	64	
11	64	63	
11	64	62	
11	64	61	
11	64	60	
11	64	59	
11	64	58	
11	64	57	
11	64	56	
11	64	55	
11	64	54	
11	64	53	
11	64	52	
11	64	51	
11	64	50	
11	64	49	
11	64	48	
11	64	47	
11	64	46	
11	64	45	
11	64	44	
11	64	43	
11	64	42	
11	64	41	
11	64	40	
11	64	39	
11	64	38	
11	64	37	
11	64	36	
11	64	35	
11	64	34	
11	64	33	
11	64	32	
11	64	31	
11	64	30	
10	64	30	
10	65	30	
10	66	30	
10	67	30	
10	68	30	
10	69	30	
10	70	30	
10	71	30	
10	72	30	
10	73	30	
10	74	30	
10	75	30	
10	76	30	
10	77	30	
10	78	30	
10	79	30	
10	80	30	
11	80	30	
0
95	1w2s_shield	pin_out_95	pin_in_95
10	34	27	
11	34	27	
11	34	26	
10	34	26	
10	35	26	
10	36	26	
10	37	26	
10	38	26	
10	39	26	
10	40	26	
10	41	26	
10	42	26	
10	43	26	
10	44	26	
10	45	26	
10	46	26	
10	47	26	
10	48	26	
10	49	26	
10	50	26	
10	51	26	
10	52	26	
10	53	26	
10	54	26	
10	55	26	
10	56	26	
10	57	26	
10	58	26	
10	59	26	
10	60	26	
10	61	26	
10	62	26	
10	63	26	
10	64	26	
10	65	26	
10	66	26	
0
96	1w2s_shield	pin_out_96	pin_in_96
11	36	84	
11	36	83	
11	36	82	
11	36	81	
11	36	80	
11	36	79	
11	36	78	
11	36	77	
11	36	76	
11	36	75	
11	36	74	
11	36	73	
11	36	72	
11	36	71	
11	36	70	
11	36	69	
11	36	68	
11	36	67	
11	36	66	
11	36	65	
11	36	64	
11	36	63	
11	36	62	
11	36	61	
11	36	60	
11	36	59	
11	36	58	
11	36	57	
11	36	56	
11	36	55	
11	36	54	
11	36	53	
11	36	52	
11	36	51	
11	36	50	
11	36	49	
11	36	48	
11	36	47	
11	36	46	
11	36	45	
11	36	44	
11	36	43	
11	36	42	
11	36	41	
11	36	40	
11	36	39	
11	36	38	
11	36	37	
11	36	36	
11	36	35	
11	36	34	
11	36	33	
11	36	32	
11	36	31	
11	36	30	
11	36	29	
11	36	28	
11	36	27	
11	36	26	
11	36	25	
11	36	24	
11	36	23	
11	36	22	
11	36	21	
11	36	20	
11	36	19	
11	36	18	
11	36	17	
11	36	16	
11	36	15	
11	36	14	
11	36	13	
11	36	12	
11	36	11	
11	36	10	
10	36	10	
10	37	10	
10	38	10	
10	39	10	
10	40	10	
10	41	10	
10	42	10	
10	43	10	
10	44	10	
10	45	10	
10	46	10	
10	47	10	
10	48	10	
10	49	10	
10	50	10	
10	51	10	
10	52	10	
10	53	10	
10	54	10	
10	55	10	
10	56	10	
10	57	10	
10	58	10	
10	59	10	
10	60	10	
10	61	10	
10	62	10	
10	63	10	
10	64	10	
10	65	10	
10	66	10	
10	67	10	
10	68	10	
10	69	10	
10	70	10	
10	71	10	
10	72	10	
10	73	10	
10	74	10	
10	75	10	
10	76	10	
10	77	10	
10	78	10	
10	79	10	
10	80	10	
10	81	10	
10	82	10	
10	83	10	
11	83	10	
0
97	default	pin_out_97	pin_in_97
6	79	40	
6	78	40	
6	77	40	
6	76	40	
6	75	40	
6	74	40	
6	73	40	
6	72	40	
6	71	40	
6	70	40	
6	69	40	
6	68	40	
6	67	40	
6	66	40	
6	65	40	
6	64	40	
6	63	40	
6	62	40	
6	61	40	
6	60	40	
6	59	40	
6	58	40	
6	57	40	
6	56	40	
6	55	40	
6	54	40	
6	53	40	
6	52	40	
6	51	40	
6	50	40	
6	49	40	
6	48	40	
6	47	40	
6	46	40	
6	45	40	
6	44	40	
6	43	40	
6	42	40	
6	41	40	
6	40	40	
6	39	40	
6	38	40	
6	37	40	
6	36	40	
6	35	40	
6	34	40	
6	33	40	
6	32	40	
6	31	40	
6	30	40	
6	29	40	
6	28	40	
6	27	40	
6	26	40	
6	25	40	
6	24	40	
6	23	40	
6	22	40	
6	21	40	
6	20	40	
6	19	40	
6	18	40	
6	17	40	
6	16	40	
6	15	40	
6	14	40	
6	13	40	
6	12	40	
6	11	40	
6	10	40	
6	9	40	
6	8	40	
6	7	40	
6	6	40	
6	5	40	
7	5	40	
7	5	41	
7	5	42	
7	5	43	
7	5	44	
7	5	45	
7	5	46	
7	5	47	
7	5	48	
7	5	49	
7	5	50	
7	5	51	
7	5	52	
7	5	53	
7	5	54	
7	5	55	
7	5	56	
7	5	57	
7	5	58	
7	5	59	
7	5	60	
0
98	1w2s	pin_out_98	pin_in_98
9	51	12	
9	51	13	
9	51	14	
9	51	15	
9	51	16	
9	51	17	
9	51	18	
9	51	19	
8	51	19	
8	52	19	
9	52	19	
0
99	1w2s	pin_out_99	pin_in_99
8	12	54	
8	13	54	
8	14	54	
8	15	54	
8	16	54	
8	17	54	
8	18	54	
8	19	54	
8	20	54	
8	21	54	
8	22	54	
8	23	54	
8	24	54	
8	25	54	
8	26	54	
8	27	54	
8	28	54	
8	29	54	
8	30	54	
8	31	54	
8	32	54	
8	33	54	
8	34	54	
8	35	54	
8	36	54	
8	37	54	
8	38	54	
8	39	54	
8	40	54	
8	41	54	
8	42	54	
8	43	54	
8	44	54	
8	45	54	
8	46	54	
8	47	54	
8	48	54	
8	49	54	
8	50	54	
8	51	54	
8	52	54	
8	53	54	
8	54	54	
8	55	54	
8	56	54	
8	57	54	
8	58	54	
8	59	54	
8	60	54	
8	61	54	
8	62	54	
8	63	54	
8	64	54	
9	64	54	
9	64	55	
9	64	56	
9	64	57	
9	64	58	
9	64	59	
9	64	60	
9	64	61	
9	64	62	
9	64	63	
9	64	64	
9	64	65	
9	64	66	
9	64	67	
9	64	68	
9	64	69	
9	64	70	
9	64	71	
9	64	72	
0
100	default	pin_out_100	pin_in_100
8	36	55	
8	37	55	
8	38	55	
8	39	55	
7	39	55	
7	39	54	
7	39	53	
7	39	52	
7	39	51	
7	39	50	
7	39	49	
7	39	48	
7	39	47	
7	39	46	
7	39	45	
7	39	44	
7	39	43	
7	39	42	
7	39	41	
7	39	40	
7	39	39	
7	39	38	
7	39	37	
7	39	36	
7	39	35	
7	39	34	
7	39	33	
7	39	32	
7	39	31	
7	39	30	
7	39	29	
7	39	28	
7	39	27	
7	39	26	
7	39	25	
7	39	24	
7	39	23	
7	39	22	
7	39	21	
7	39	20	
7	39	19	
7	39	18	
7	39	17	
7	39	16	
8	39	16	
0
