1	default	pin_out_1	pin_in_1
8	66	24	
8	65	24	
8	64	24	
8	63	24	
8	62	24	
8	61	24	
8	60	24	
8	59	24	
8	58	24	
8	57	24	
8	56	24	
8	55	24	
8	54	24	
8	53	24	
8	52	24	
8	51	24	
8	50	24	
8	49	24	
8	48	24	
8	47	24	
8	46	24	
8	45	24	
8	44	24	
8	43	24	
8	42	24	
8	41	24	
8	40	24	
8	39	24	
8	38	24	
8	37	24	
8	36	24	
8	35	24	
8	34	24	
8	33	24	
8	32	24	
8	31	24	
8	30	24	
8	29	24	
8	28	24	
8	27	24	
8	26	24	
8	25	24	
8	24	24	
8	23	24	
8	22	24	
8	21	24	
8	20	24	
8	19	24	
8	18	24	
8	17	24	
8	16	24	
8	15	24	
8	14	24	
8	13	24	
8	12	24	
8	11	24	
8	10	24	
8	9	24	
8	8	24	
8	7	24	
8	6	24	
8	5	24	
8	4	24	
8	3	24	
8	2	24	
8	1	24	
8	0	24	
7	0	24	
7	0	25	
7	0	26	
7	0	27	
7	0	28	
7	0	29	
7	0	30	
7	0	31	
8	0	31	
0
2	default	pin_out_2	pin_in_2
9	0	31	
9	0	30	
9	0	29	
9	0	28	
9	0	27	
9	0	26	
9	0	25	
9	0	24	
9	0	23	
9	0	22	
9	0	21	
8	0	21	
8	1	21	
8	2	21	
8	3	21	
8	4	21	
8	5	21	
8	6	21	
8	7	21	
8	8	21	
8	9	21	
8	10	21	
8	11	21	
8	12	21	
8	13	21	
8	14	21	
8	15	21	
8	16	21	
8	17	21	
8	18	21	
8	19	21	
8	20	21	
8	21	21	
8	22	21	
8	23	21	
8	24	21	
8	25	21	
8	26	21	
8	27	21	
8	28	21	
8	29	21	
8	30	21	
8	31	21	
8	32	21	
8	33	21	
8	34	21	
8	35	21	
8	36	21	
8	37	21	
8	38	21	
8	39	21	
8	40	21	
8	41	21	
8	42	21	
8	43	21	
8	44	21	
8	45	21	
8	46	21	
8	47	21	
8	48	21	
8	49	21	
8	50	21	
8	51	21	
8	52	21	
8	53	21	
8	54	21	
8	55	21	
8	56	21	
8	57	21	
8	58	21	
8	59	21	
8	60	21	
8	61	21	
8	62	21	
8	63	21	
8	64	21	
8	65	21	
8	66	21	
9	66	21	
0
3	default	pin_out_3	pin_in_3
10	66	21	
0
4	1w2s	pin_out_4	pin_in_4
9	38	16	
9	38	15	
9	38	14	
9	38	13	
9	38	12	
9	38	11	
9	38	10	
9	38	9	
9	38	8	
9	38	7	
9	38	6	
9	38	5	
9	38	4	
9	38	3	
9	38	2	
8	38	2	
8	39	2	
8	40	2	
8	41	2	
8	42	2	
8	43	2	
8	44	2	
8	45	2	
8	46	2	
8	47	2	
8	48	2	
8	49	2	
8	50	2	
8	51	2	
8	52	2	
8	53	2	
8	54	2	
8	55	2	
8	56	2	
8	57	2	
8	58	2	
8	59	2	
8	60	2	
8	61	2	
8	62	2	
8	63	2	
8	64	2	
8	65	2	
8	66	2	
8	67	2	
8	68	2	
8	69	2	
8	70	2	
8	71	2	
8	72	2	
8	73	2	
9	73	2	
0
5	default	pin_out_5	pin_in_5
7	16	16	
7	16	15	
7	16	14	
7	16	13	
7	16	12	
7	16	11	
7	16	10	
7	16	9	
6	16	9	
6	17	9	
6	18	9	
6	19	9	
6	20	9	
6	21	9	
6	22	9	
6	23	9	
6	24	9	
6	25	9	
6	26	9	
6	27	9	
6	28	9	
6	29	9	
6	30	9	
6	31	9	
6	32	9	
6	33	9	
6	34	9	
6	35	9	
6	36	9	
6	37	9	
6	38	9	
6	39	9	
6	40	9	
6	41	9	
6	42	9	
6	43	9	
6	44	9	
6	45	9	
6	46	9	
6	47	9	
6	48	9	
6	49	9	
6	50	9	
6	51	9	
6	52	9	
6	53	9	
6	54	9	
6	55	9	
6	56	9	
6	57	9	
6	58	9	
6	59	9	
6	60	9	
6	61	9	
6	62	9	
6	63	9	
6	64	9	
6	65	9	
6	66	9	
6	67	9	
6	68	9	
6	69	9	
6	70	9	
6	71	9	
6	72	9	
7	72	9	
0
6	default	pin_out_6	pin_in_6
8	70	43	
8	69	43	
8	68	43	
8	67	43	
8	66	43	
8	65	43	
8	64	43	
8	63	43	
8	62	43	
8	61	43	
8	60	43	
8	59	43	
8	58	43	
8	57	43	
8	56	43	
8	55	43	
8	54	43	
8	53	43	
8	52	43	
8	51	43	
8	50	43	
8	49	43	
8	48	43	
8	47	43	
8	46	43	
8	45	43	
8	44	43	
8	43	43	
8	42	43	
8	41	43	
8	40	43	
8	39	43	
8	38	43	
8	37	43	
8	36	43	
8	35	43	
8	34	43	
8	33	43	
8	32	43	
8	31	43	
9	31	43	
9	31	42	
9	31	41	
9	31	40	
9	31	39	
9	31	38	
9	31	37	
9	31	36	
9	31	35	
9	31	34	
9	31	33	
9	31	32	
9	31	31	
9	31	30	
9	31	29	
9	31	28	
9	31	27	
9	31	26	
9	31	25	
9	31	24	
9	31	23	
9	31	22	
9	31	21	
9	31	20	
9	31	19	
9	31	18	
9	31	17	
9	31	16	
9	31	15	
9	31	14	
9	31	13	
9	31	12	
9	31	11	
9	31	10	
9	31	9	
9	31	8	
9	31	7	
0
7	default	pin_out_7	pin_in_7
6	66	87	
6	67	87	
6	68	87	
6	69	87	
6	70	87	
6	71	87	
6	72	87	
6	73	87	
6	74	87	
6	75	87	
6	76	87	
6	77	87	
6	78	87	
6	79	87	
7	79	87	
7	79	86	
7	79	85	
7	79	84	
7	79	83	
7	79	82	
7	79	81	
7	79	80	
7	79	79	
7	79	78	
7	79	77	
7	79	76	
7	79	75	
7	79	74	
7	79	73	
7	79	72	
7	79	71	
7	79	70	
7	79	69	
7	79	68	
7	79	67	
7	79	66	
7	79	65	
7	79	64	
7	79	63	
7	79	62	
7	79	61	
7	79	60	
7	79	59	
7	79	58	
7	79	57	
7	79	56	
7	79	55	
7	79	54	
7	79	53	
7	79	52	
7	79	51	
7	79	50	
7	79	49	
7	79	48	
7	79	47	
7	79	46	
7	79	45	
7	79	44	
7	79	43	
7	79	42	
7	79	41	
7	79	40	
7	79	39	
7	79	38	
7	79	37	
7	79	36	
7	79	35	
7	79	34	
7	79	33	
7	79	32	
7	79	31	
7	79	30	
7	79	29	
7	79	28	
7	79	27	
7	79	26	
7	79	25	
7	79	24	
7	79	23	
7	79	22	
7	79	21	
7	79	20	
7	79	19	
7	79	18	
7	79	17	
7	79	16	
7	79	15	
7	79	14	
7	79	13	
7	79	12	
0
8	1w2s_shield	pin_out_8	pin_in_8
10	14	42	
10	15	42	
10	16	42	
10	17	42	
10	18	42	
10	19	42	
10	20	42	
10	21	42	
10	22	42	
10	23	42	
10	24	42	
10	25	42	
10	26	42	
10	27	42	
10	28	42	
10	29	42	
10	30	42	
10	31	42	
10	32	42	
10	33	42	
10	34	42	
10	35	42	
10	36	42	
10	37	42	
10	38	42	
10	39	42	
10	40	42	
10	41	42	
10	42	42	
10	43	42	
10	44	42	
10	45	42	
10	46	42	
10	47	42	
10	48	42	
10	49	42	
10	50	42	
10	51	42	
10	52	42	
10	53	42	
10	54	42	
10	55	42	
10	56	42	
10	57	42	
10	58	42	
10	59	42	
10	60	42	
10	61	42	
10	62	42	
10	63	42	
10	64	42	
10	65	42	
10	66	42	
10	67	42	
10	68	42	
10	69	42	
10	70	42	
10	71	42	
10	72	42	
10	73	42	
10	74	42	
10	75	42	
10	76	42	
10	77	42	
10	78	42	
10	79	42	
10	80	42	
10	81	42	
10	82	42	
10	83	42	
10	84	42	
10	85	42	
11	85	42	
11	85	41	
11	85	40	
11	85	39	
11	85	38	
11	85	37	
11	85	36	
11	85	35	
11	85	34	
11	85	33	
11	85	32	
11	85	31	
11	85	30	
11	85	29	
11	85	28	
11	85	27	
11	85	26	
11	85	25	
11	85	24	
0
9	default	pin_out_9	pin_in_9
8	91	57	
8	90	57	
8	89	57	
8	88	57	
8	87	57	
8	86	57	
8	85	57	
8	84	57	
8	83	57	
8	82	57	
8	81	57	
8	80	57	
8	79	57	
8	78	57	
8	77	57	
8	76	57	
8	75	57	
8	74	57	
8	73	57	
7	73	57	
7	73	58	
7	73	59	
7	73	60	
7	73	61	
7	73	62	
7	73	63	
7	73	64	
7	73	65	
7	73	66	
7	73	67	
7	73	68	
7	73	69	
7	73	70	
7	73	71	
7	73	72	
0
10	default	pin_out_10	pin_in_10
7	23	4	
7	23	3	
7	23	2	
7	23	1	
8	23	1	
8	22	1	
8	21	1	
8	20	1	
8	19	1	
8	18	1	
8	17	1	
8	16	1	
8	15	1	
8	14	1	
8	13	1	
8	12	1	
8	11	1	
8	10	1	
8	9	1	
8	8	1	
9	8	1	
0
11	default	pin_out_11	pin_in_11
7	67	96	
7	67	95	
7	67	94	
7	67	93	
7	67	92	
7	67	91	
7	67	90	
7	67	89	
7	67	88	
7	67	87	
7	67	86	
7	67	85	
7	67	84	
7	67	83	
7	67	82	
7	67	81	
7	67	80	
7	67	79	
7	67	78	
7	67	77	
7	67	76	
7	67	75	
7	67	74	
7	67	73	
7	67	72	
7	67	71	
7	67	70	
7	67	69	
7	67	68	
7	67	67	
7	67	66	
7	67	65	
7	67	64	
7	67	63	
7	67	62	
7	67	61	
7	67	60	
7	67	59	
7	67	58	
7	67	57	
7	67	56	
7	67	55	
7	67	54	
7	67	53	
7	67	52	
7	67	51	
7	67	50	
7	67	49	
7	67	48	
7	67	47	
7	67	46	
7	67	45	
7	67	44	
7	67	43	
7	67	42	
7	67	41	
6	67	41	
6	66	41	
6	65	41	
6	64	41	
6	63	41	
6	62	41	
0
12	default	pin_out_12	pin_in_12
6	28	9	
6	29	9	
6	30	9	
6	31	9	
6	32	9	
6	33	9	
6	34	9	
6	35	9	
6	36	9	
6	37	9	
6	38	9	
6	39	9	
6	40	9	
6	41	9	
6	42	9	
6	43	9	
6	44	9	
6	45	9	
6	46	9	
6	47	9	
6	48	9	
6	49	9	
6	50	9	
6	51	9	
6	52	9	
6	53	9	
6	54	9	
6	55	9	
6	56	9	
6	57	9	
6	58	9	
6	59	9	
6	60	9	
6	61	9	
6	62	9	
6	63	9	
6	64	9	
6	65	9	
7	65	9	
7	65	10	
7	65	11	
7	65	12	
7	65	13	
7	65	14	
7	65	15	
7	65	16	
7	65	17	
7	65	18	
7	65	19	
7	65	20	
7	65	21	
7	65	22	
7	65	23	
7	65	24	
7	65	25	
7	65	26	
7	65	27	
7	65	28	
7	65	29	
7	65	30	
7	65	31	
7	65	32	
7	65	33	
7	65	34	
7	65	35	
7	65	36	
7	65	37	
7	65	38	
7	65	39	
7	65	40	
7	65	41	
7	65	42	
7	65	43	
7	65	44	
7	65	45	
7	65	46	
7	65	47	
7	65	48	
7	65	49	
7	65	50	
7	65	51	
7	65	52	
7	65	53	
7	65	54	
7	65	55	
7	65	56	
7	65	57	
7	65	58	
7	65	59	
7	65	60	
7	65	61	
7	65	62	
7	65	63	
7	65	64	
7	65	65	
7	65	66	
7	65	67	
7	65	68	
7	65	69	
7	65	70	
7	65	71	
7	65	72	
7	65	73	
7	65	74	
7	65	75	
7	65	76	
7	65	77	
7	65	78	
7	65	79	
8	65	79	
0
13	1w2s_shield	pin_out_13	pin_in_13
11	74	5	
11	74	6	
11	74	7	
11	74	8	
11	74	9	
11	74	10	
11	74	11	
11	74	12	
11	74	13	
11	74	14	
11	74	15	
11	74	16	
11	74	17	
11	74	18	
11	74	19	
11	74	20	
11	74	21	
11	74	22	
10	74	22	
10	73	22	
10	72	22	
10	71	22	
10	70	22	
10	69	22	
10	68	22	
10	67	22	
10	66	22	
10	65	22	
10	64	22	
10	63	22	
10	62	22	
10	61	22	
10	60	22	
10	59	22	
10	58	22	
10	57	22	
10	56	22	
10	55	22	
10	54	22	
10	53	22	
10	52	22	
10	51	22	
10	50	22	
10	49	22	
10	48	22	
10	47	22	
10	46	22	
10	45	22	
10	44	22	
10	43	22	
10	42	22	
10	41	22	
10	40	22	
10	39	22	
10	38	22	
10	37	22	
10	36	22	
10	35	22	
10	34	22	
10	33	22	
10	32	22	
10	31	22	
10	30	22	
10	29	22	
10	28	22	
10	27	22	
10	26	22	
10	25	22	
10	24	22	
10	23	22	
10	22	22	
10	21	22	
10	20	22	
10	19	22	
10	18	22	
10	17	22	
10	16	22	
10	15	22	
10	14	22	
10	13	22	
11	13	22	
0
14	default	pin_out_14	pin_in_14
8	70	95	
8	69	95	
8	68	95	
8	67	95	
8	66	95	
8	65	95	
8	64	95	
8	63	95	
8	62	95	
8	61	95	
8	60	95	
8	59	95	
8	58	95	
8	57	95	
8	56	95	
8	55	95	
8	54	95	
8	53	95	
8	52	95	
8	51	95	
8	50	95	
8	49	95	
8	48	95	
8	47	95	
8	46	95	
8	45	95	
8	44	95	
8	43	95	
8	42	95	
8	41	95	
8	40	95	
8	39	95	
8	38	95	
8	37	95	
8	36	95	
8	35	95	
8	34	95	
8	33	95	
8	32	95	
8	31	95	
7	31	95	
7	31	94	
7	31	93	
7	31	92	
7	31	91	
7	31	90	
7	31	89	
7	31	88	
7	31	87	
7	31	86	
7	31	85	
7	31	84	
7	31	83	
7	31	82	
7	31	81	
7	31	80	
7	31	79	
7	31	78	
7	31	77	
7	31	76	
7	31	75	
7	31	74	
7	31	73	
7	31	72	
7	31	71	
7	31	70	
7	31	69	
7	31	68	
7	31	67	
7	31	66	
7	31	65	
7	31	64	
7	31	63	
7	31	62	
7	31	61	
7	31	60	
7	31	59	
7	31	58	
0
15	1w2s	pin_out_15	pin_in_15
9	50	97	
9	50	96	
9	50	95	
9	50	94	
9	50	93	
9	50	92	
9	50	91	
9	50	90	
9	50	89	
9	50	88	
9	50	87	
9	50	86	
9	50	85	
9	50	84	
9	50	83	
9	50	82	
9	50	81	
9	50	80	
9	50	79	
9	50	78	
9	50	77	
9	50	76	
9	50	75	
9	50	74	
9	50	73	
9	50	72	
9	50	71	
9	50	70	
9	50	69	
9	50	68	
9	50	67	
9	50	66	
9	50	65	
9	50	64	
9	50	63	
9	50	62	
9	50	61	
9	50	60	
9	50	59	
9	50	58	
9	50	57	
9	50	56	
9	50	55	
9	50	54	
9	50	53	
9	50	52	
9	50	51	
9	50	50	
9	50	49	
9	50	48	
8	50	48	
8	51	48	
8	52	48	
8	53	48	
8	54	48	
8	55	48	
8	56	48	
8	57	48	
8	58	48	
8	59	48	
8	60	48	
8	61	48	
8	62	48	
8	63	48	
8	64	48	
8	65	48	
8	66	48	
8	67	48	
8	68	48	
8	69	48	
8	70	48	
8	71	48	
8	72	48	
8	73	48	
8	74	48	
8	75	48	
8	76	48	
8	77	48	
8	78	48	
8	79	48	
8	80	48	
8	81	48	
8	82	48	
8	83	48	
8	84	48	
8	85	48	
8	86	48	
8	87	48	
8	88	48	
8	89	48	
8	90	48	
8	91	48	
9	91	48	
0
16	1w2s	pin_out_16	pin_in_16
9	66	79	
9	66	78	
9	66	77	
9	66	76	
9	66	75	
9	66	74	
9	66	73	
9	66	72	
9	66	71	
9	66	70	
9	66	69	
9	66	68	
9	66	67	
9	66	66	
9	66	65	
9	66	64	
9	66	63	
9	66	62	
9	66	61	
9	66	60	
9	66	59	
9	66	58	
9	66	57	
9	66	56	
9	66	55	
9	66	54	
9	66	53	
9	66	52	
9	66	51	
9	66	50	
9	66	49	
9	66	48	
9	66	47	
9	66	46	
9	66	45	
9	66	44	
9	66	43	
9	66	42	
9	66	41	
9	66	40	
9	66	39	
9	66	38	
9	66	37	
9	66	36	
9	66	35	
9	66	34	
9	66	33	
9	66	32	
8	66	32	
8	67	32	
8	68	32	
8	69	32	
8	70	32	
8	71	32	
8	72	32	
8	73	32	
8	74	32	
8	75	32	
8	76	32	
8	77	32	
8	78	32	
8	79	32	
8	80	32	
8	81	32	
8	82	32	
8	83	32	
8	84	32	
8	85	32	
8	86	32	
8	87	32	
8	88	32	
8	89	32	
8	90	32	
8	91	32	
9	91	32	
0
17	1w2s	pin_out_17	pin_in_17
9	79	49	
9	79	48	
9	79	47	
9	79	46	
9	79	45	
9	79	44	
9	79	43	
9	79	42	
9	79	41	
9	79	40	
9	79	39	
9	79	38	
9	79	37	
9	79	36	
9	79	35	
9	79	34	
9	79	33	
9	79	32	
9	79	31	
9	79	30	
9	79	29	
9	79	28	
9	79	27	
9	79	26	
9	79	25	
9	79	24	
9	79	23	
9	79	22	
9	79	21	
9	79	20	
9	79	19	
9	79	18	
9	79	17	
9	79	16	
9	79	15	
9	79	14	
9	79	13	
9	79	12	
9	79	11	
9	79	10	
8	79	10	
8	78	10	
8	77	10	
8	76	10	
8	75	10	
8	74	10	
8	73	10	
8	72	10	
8	71	10	
8	70	10	
8	69	10	
8	68	10	
8	67	10	
8	66	10	
8	65	10	
8	64	10	
8	63	10	
8	62	10	
8	61	10	
8	60	10	
8	59	10	
8	58	10	
8	57	10	
8	56	10	
8	55	10	
8	54	10	
8	53	10	
8	52	10	
8	51	10	
9	51	10	
0
18	default	pin_out_18	pin_in_18
7	81	63	
7	81	62	
7	81	61	
7	81	60	
7	81	59	
7	81	58	
7	81	57	
7	81	56	
7	81	55	
7	81	54	
7	81	53	
7	81	52	
7	81	51	
7	81	50	
7	81	49	
7	81	48	
7	81	47	
7	81	46	
7	81	45	
8	81	45	
8	80	45	
8	79	45	
8	78	45	
8	77	45	
8	76	45	
8	75	45	
8	74	45	
8	73	45	
8	72	45	
8	71	45	
8	70	45	
8	69	45	
8	68	45	
8	67	45	
8	66	45	
8	65	45	
8	64	45	
8	63	45	
8	62	45	
8	61	45	
8	60	45	
8	59	45	
8	58	45	
8	57	45	
8	56	45	
8	55	45	
8	54	45	
8	53	45	
8	52	45	
8	51	45	
8	50	45	
8	49	45	
8	48	45	
8	47	45	
8	46	45	
8	45	45	
8	44	45	
8	43	45	
8	42	45	
8	41	45	
8	40	45	
8	39	45	
8	38	45	
8	37	45	
8	36	45	
8	35	45	
8	34	45	
8	33	45	
8	32	45	
8	31	45	
0
19	1w2s_shield	pin_out_19	pin_in_19
10	52	22	
10	51	22	
10	50	22	
10	49	22	
10	48	22	
10	47	22	
10	46	22	
10	45	22	
10	44	22	
10	43	22	
10	42	22	
10	41	22	
10	40	22	
10	39	22	
10	38	22	
10	37	22	
10	36	22	
10	35	22	
10	34	22	
10	33	22	
10	32	22	
10	31	22	
10	30	22	
10	29	22	
10	28	22	
10	27	22	
10	26	22	
10	25	22	
10	24	22	
10	23	22	
10	22	22	
10	21	22	
10	20	22	
10	19	22	
10	18	22	
11	18	22	
11	18	23	
11	18	24	
11	18	25	
11	18	26	
11	18	27	
11	18	28	
11	18	29	
11	18	30	
11	18	31	
11	18	32	
11	18	33	
11	18	34	
11	18	35	
11	18	36	
11	18	37	
11	18	38	
11	18	39	
11	18	40	
11	18	41	
11	18	42	
11	18	43	
11	18	44	
11	18	45	
11	18	46	
11	18	47	
11	18	48	
11	18	49	
11	18	50	
11	18	51	
11	18	52	
11	18	53	
11	18	54	
11	18	55	
11	18	56	
11	18	57	
11	18	58	
11	18	59	
11	18	60	
11	18	61	
11	18	62	
11	18	63	
11	18	64	
11	18	65	
11	18	66	
11	18	67	
11	18	68	
0
20	1w2s_shield	pin_out_20	pin_in_20
10	39	51	
10	40	51	
10	41	51	
10	42	51	
10	43	51	
10	44	51	
10	45	51	
10	46	51	
10	47	51	
10	48	51	
10	49	51	
10	50	51	
10	51	51	
10	52	51	
10	53	51	
10	54	51	
10	55	51	
10	56	51	
10	57	51	
10	58	51	
10	59	51	
10	60	51	
10	61	51	
10	62	51	
10	63	51	
10	64	51	
10	65	51	
10	66	51	
10	67	51	
10	68	51	
10	69	51	
10	70	51	
10	71	51	
10	72	51	
9	72	51	
9	72	50	
9	72	49	
9	72	48	
9	72	47	
9	72	46	
9	72	45	
9	72	44	
9	72	43	
9	72	42	
9	72	41	
9	72	40	
9	72	39	
9	72	38	
9	72	37	
9	72	36	
9	72	35	
9	72	34	
9	72	33	
9	72	32	
9	72	31	
9	72	30	
9	72	29	
9	72	28	
9	72	27	
9	72	26	
9	72	25	
9	72	24	
9	72	23	
9	72	22	
9	72	21	
9	72	20	
9	72	19	
9	72	18	
9	72	17	
9	72	16	
9	72	15	
9	72	14	
9	72	13	
9	72	12	
9	72	11	
9	72	10	
9	72	9	
9	72	8	
9	72	7	
9	72	6	
9	72	5	
10	72	5	
0
21	1w2s_shield	pin_out_21	pin_in_21
11	24	93	
11	24	92	
11	24	91	
11	24	90	
11	24	89	
11	24	88	
11	24	87	
11	24	86	
11	24	85	
11	24	84	
11	24	83	
11	24	82	
11	24	81	
11	24	80	
11	24	79	
11	24	78	
11	24	77	
11	24	76	
11	24	75	
11	24	74	
11	24	73	
11	24	72	
11	24	71	
11	24	70	
11	24	69	
11	24	68	
11	24	67	
11	24	66	
11	24	65	
11	24	64	
11	24	63	
11	24	62	
11	24	61	
11	24	60	
11	24	59	
11	24	58	
11	24	57	
11	24	56	
11	24	55	
11	24	54	
11	24	53	
11	24	52	
11	24	51	
11	24	50	
11	24	49	
11	24	48	
11	24	47	
11	24	46	
11	24	45	
11	24	44	
11	24	43	
11	24	42	
11	24	41	
11	24	40	
11	24	39	
11	24	38	
0
22	1w2s	pin_out_22	pin_in_22
9	61	80	
9	61	79	
9	61	78	
9	61	77	
9	61	76	
9	61	75	
9	61	74	
9	61	73	
9	61	72	
9	61	71	
9	61	70	
9	61	69	
9	61	68	
9	61	67	
9	61	66	
9	61	65	
9	61	64	
9	61	63	
9	61	62	
9	61	61	
9	61	60	
9	61	59	
9	61	58	
9	61	57	
9	61	56	
9	61	55	
9	61	54	
9	61	53	
9	61	52	
9	61	51	
9	61	50	
9	61	49	
9	61	48	
9	61	47	
9	61	46	
9	61	45	
9	61	44	
9	61	43	
9	61	42	
9	61	41	
8	61	41	
8	60	41	
8	59	41	
8	58	41	
8	57	41	
8	56	41	
8	55	41	
8	54	41	
8	53	41	
8	52	41	
8	51	41	
8	50	41	
8	49	41	
8	48	41	
8	47	41	
8	46	41	
8	45	41	
8	44	41	
8	43	41	
8	42	41	
8	41	41	
8	40	41	
8	39	41	
8	38	41	
8	37	41	
8	36	41	
8	35	41	
8	34	41	
8	33	41	
8	32	41	
8	31	41	
8	30	41	
8	29	41	
8	28	41	
8	27	41	
9	27	41	
0
23	1w2s	pin_out_23	pin_in_23
9	55	48	
9	55	47	
9	55	46	
9	55	45	
9	55	44	
9	55	43	
9	55	42	
9	55	41	
9	55	40	
9	55	39	
9	55	38	
9	55	37	
9	55	36	
9	55	35	
9	55	34	
9	55	33	
9	55	32	
9	55	31	
9	55	30	
9	55	29	
9	55	28	
9	55	27	
9	55	26	
9	55	25	
8	55	25	
8	54	25	
8	53	25	
9	53	25	
0
24	1w2s_shield	pin_out_24	pin_in_24
11	40	91	
11	40	90	
11	40	89	
11	40	88	
11	40	87	
11	40	86	
11	40	85	
11	40	84	
11	40	83	
11	40	82	
11	40	81	
11	40	80	
11	40	79	
11	40	78	
11	40	77	
11	40	76	
11	40	75	
11	40	74	
11	40	73	
11	40	72	
11	40	71	
11	40	70	
11	40	69	
11	40	68	
10	40	68	
10	41	68	
10	42	68	
11	42	68	
0
25	1w2s_shield	pin_out_25	pin_in_25
11	6	14	
11	6	15	
11	6	16	
11	6	17	
11	6	18	
11	6	19	
11	6	20	
11	6	21	
11	6	22	
11	6	23	
11	6	24	
11	6	25	
11	6	26	
11	6	27	
11	6	28	
11	6	29	
11	6	30	
11	6	31	
11	6	32	
11	6	33	
11	6	34	
11	6	35	
11	6	36	
11	6	37	
11	6	38	
11	6	39	
11	6	40	
11	6	41	
11	6	42	
11	6	43	
11	6	44	
11	6	45	
11	6	46	
11	6	47	
11	6	48	
11	6	49	
11	6	50	
11	6	51	
11	6	52	
11	6	53	
11	6	54	
11	6	55	
11	6	56	
11	6	57	
11	6	58	
11	6	59	
11	6	60	
11	6	61	
11	6	62	
11	6	63	
11	6	64	
11	6	65	
11	6	66	
11	6	67	
11	6	68	
11	6	69	
11	6	70	
11	6	71	
11	6	72	
11	6	73	
11	6	74	
11	6	75	
11	6	76	
10	6	76	
10	7	76	
10	8	76	
10	9	76	
10	10	76	
10	11	76	
10	12	76	
10	13	76	
10	14	76	
10	15	76	
10	16	76	
10	17	76	
10	18	76	
10	19	76	
10	20	76	
10	21	76	
10	22	76	
10	23	76	
10	24	76	
10	25	76	
10	26	76	
10	27	76	
10	28	76	
10	29	76	
10	30	76	
10	31	76	
0
26	default	pin_out_26	pin_in_26
8	82	78	
8	81	78	
8	80	78	
8	79	78	
8	78	78	
8	77	78	
8	76	78	
8	75	78	
8	74	78	
8	73	78	
8	72	78	
8	71	78	
8	70	78	
8	69	78	
8	68	78	
8	67	78	
8	66	78	
8	65	78	
8	64	78	
8	63	78	
8	62	78	
8	61	78	
8	60	78	
8	59	78	
8	58	78	
8	57	78	
8	56	78	
8	55	78	
8	54	78	
8	53	78	
8	52	78	
8	51	78	
8	50	78	
8	49	78	
8	48	78	
8	47	78	
8	46	78	
8	45	78	
8	44	78	
8	43	78	
8	42	78	
8	41	78	
8	40	78	
8	39	78	
8	38	78	
8	37	78	
8	36	78	
7	36	78	
7	36	77	
7	36	76	
7	36	75	
7	36	74	
7	36	73	
7	36	72	
7	36	71	
7	36	70	
7	36	69	
7	36	68	
7	36	67	
8	36	67	
0
27	default	pin_out_27	pin_in_27
9	76	70	
8	76	70	
8	75	70	
8	74	70	
8	73	70	
8	72	70	
8	71	70	
8	70	70	
8	69	70	
8	68	70	
8	67	70	
8	66	70	
8	65	70	
8	64	70	
8	63	70	
8	62	70	
8	61	70	
8	60	70	
8	59	70	
8	58	70	
8	57	70	
8	56	70	
8	55	70	
8	54	70	
8	53	70	
8	52	70	
8	51	70	
8	50	70	
8	49	70	
7	49	70	
7	49	69	
7	49	68	
7	49	67	
7	49	66	
7	49	65	
7	49	64	
7	49	63	
7	49	62	
7	49	61	
7	49	60	
7	49	59	
7	49	58	
7	49	57	
7	49	56	
7	49	55	
7	49	54	
7	49	53	
7	49	52	
7	49	51	
7	49	50	
7	49	49	
7	49	48	
7	49	47	
7	49	46	
7	49	45	
7	49	44	
7	49	43	
7	49	42	
7	49	41	
7	49	40	
7	49	39	
7	49	38	
7	49	37	
7	49	36	
7	49	35	
7	49	34	
7	49	33	
7	49	32	
7	49	31	
7	49	30	
7	49	29	
7	49	28	
7	49	27	
7	49	26	
7	49	25	
7	49	24	
7	49	23	
7	49	22	
7	49	21	
7	49	20	
7	49	19	
7	49	18	
7	49	17	
7	49	16	
7	49	15	
7	49	14	
7	49	13	
7	49	12	
0
28	1w2s	pin_out_28	pin_in_28
8	24	78	
8	25	78	
8	26	78	
8	27	78	
8	28	78	
8	29	78	
8	30	78	
8	31	78	
8	32	78	
8	33	78	
8	34	78	
8	35	78	
8	36	78	
8	37	78	
8	38	78	
8	39	78	
8	40	78	
8	41	78	
8	42	78	
8	43	78	
8	44	78	
8	45	78	
8	46	78	
8	47	78	
8	48	78	
8	49	78	
8	50	78	
8	51	78	
8	52	78	
8	53	78	
8	54	78	
9	54	78	
9	54	77	
9	54	76	
9	54	75	
9	54	74	
9	54	73	
9	54	72	
9	54	71	
9	54	70	
9	54	69	
9	54	68	
9	54	67	
9	54	66	
9	54	65	
9	54	64	
9	54	63	
9	54	62	
9	54	61	
9	54	60	
9	54	59	
9	54	58	
9	54	57	
9	54	56	
9	54	55	
9	54	54	
9	54	53	
9	54	52	
9	54	51	
0
29	default	pin_out_29	pin_in_29
7	27	76	
7	27	75	
7	27	74	
8	27	74	
8	26	74	
8	25	74	
8	24	74	
8	23	74	
8	22	74	
8	21	74	
8	20	74	
8	19	74	
8	18	74	
8	17	74	
8	16	74	
8	15	74	
8	14	74	
8	13	74	
8	12	74	
8	11	74	
8	10	74	
8	9	74	
8	8	74	
8	7	74	
8	6	74	
8	5	74	
0
30	default	pin_out_30	pin_in_30
7	90	61	
7	90	60	
7	90	59	
7	90	58	
7	90	57	
7	90	56	
7	90	55	
7	90	54	
7	90	53	
7	90	52	
7	90	51	
7	90	50	
7	90	49	
7	90	48	
7	90	47	
7	90	46	
7	90	45	
7	90	44	
7	90	43	
7	90	42	
7	90	41	
7	90	40	
7	90	39	
7	90	38	
7	90	37	
7	90	36	
7	90	35	
7	90	34	
7	90	33	
7	90	32	
7	90	31	
7	90	30	
7	90	29	
7	90	28	
7	90	27	
7	90	26	
7	90	25	
7	90	24	
7	90	23	
7	90	22	
7	90	21	
7	90	20	
7	90	19	
7	90	18	
7	90	17	
7	90	16	
7	90	15	
7	90	14	
7	90	13	
7	90	12	
7	90	11	
7	90	10	
7	90	9	
7	90	8	
7	90	7	
7	90	6	
7	90	5	
7	90	4	
7	90	3	
6	90	3	
6	89	3	
6	88	3	
6	87	3	
6	86	3	
6	85	3	
6	84	3	
6	83	3	
6	82	3	
6	81	3	
6	80	3	
6	79	3	
6	78	3	
6	77	3	
6	76	3	
6	75	3	
6	74	3	
6	73	3	
6	72	3	
6	71	3	
6	70	3	
6	69	3	
6	68	3	
6	67	3	
6	66	3	
6	65	3	
6	64	3	
6	63	3	
6	62	3	
6	61	3	
6	60	3	
6	59	3	
6	58	3	
6	57	3	
6	56	3	
6	55	3	
6	54	3	
6	53	3	
6	52	3	
6	51	3	
6	50	3	
6	49	3	
6	48	3	
6	47	3	
6	46	3	
6	45	3	
6	44	3	
6	43	3	
6	42	3	
6	41	3	
6	40	3	
6	39	3	
6	38	3	
6	37	3	
6	36	3	
6	35	3	
6	34	3	
6	33	3	
6	32	3	
6	31	3	
6	30	3	
6	29	3	
6	28	3	
6	27	3	
6	26	3	
6	25	3	
6	24	3	
6	23	3	
6	22	3	
7	22	3	
0
31	default	pin_out_31	pin_in_31
8	6	51	
7	6	51	
7	6	52	
7	6	53	
7	6	54	
7	6	55	
7	6	56	
7	6	57	
7	6	58	
7	6	59	
7	6	60	
7	6	61	
7	6	62	
7	6	63	
6	6	63	
6	7	63	
6	8	63	
6	9	63	
6	10	63	
6	11	63	
6	12	63	
6	13	63	
6	14	63	
6	15	63	
6	16	63	
6	17	63	
6	18	63	
6	19	63	
6	20	63	
6	21	63	
6	22	63	
6	23	63	
6	24	63	
6	25	63	
6	26	63	
6	27	63	
6	28	63	
6	29	63	
6	30	63	
6	31	63	
6	32	63	
6	33	63	
6	34	63	
6	35	63	
6	36	63	
6	37	63	
6	38	63	
6	39	63	
6	40	63	
6	41	63	
6	42	63	
6	43	63	
6	44	63	
6	45	63	
6	46	63	
6	47	63	
6	48	63	
6	49	63	
6	50	63	
6	51	63	
6	52	63	
6	53	63	
6	54	63	
6	55	63	
6	56	63	
6	57	63	
6	58	63	
6	59	63	
6	60	63	
6	61	63	
6	62	63	
6	63	63	
6	64	63	
6	65	63	
6	66	63	
6	67	63	
6	68	63	
6	69	63	
6	70	63	
0
32	1w2s_shield	pin_out_32	pin_in_32
10	22	40	
10	23	40	
10	24	40	
10	25	40	
10	26	40	
10	27	40	
10	28	40	
10	29	40	
10	30	40	
10	31	40	
10	32	40	
10	33	40	
10	34	40	
10	35	40	
10	36	40	
10	37	40	
10	38	40	
10	39	40	
10	40	40	
10	41	40	
10	42	40	
10	43	40	
10	44	40	
10	45	40	
10	46	40	
10	47	40	
10	48	40	
10	49	40	
10	50	40	
10	51	40	
10	52	40	
10	53	40	
10	54	40	
10	55	40	
10	56	40	
10	57	40	
10	58	40	
10	59	40	
10	60	40	
10	61	40	
10	62	40	
10	63	40	
10	64	40	
10	65	40	
10	66	40	
10	67	40	
10	68	40	
10	69	40	
10	70	40	
10	71	40	
10	72	40	
10	73	40	
10	74	40	
10	75	40	
10	76	40	
10	77	40	
10	78	40	
10	79	40	
10	80	40	
10	81	40	
9	81	40	
9	81	41	
9	81	42	
9	81	43	
9	81	44	
9	81	45	
9	81	46	
9	81	47	
9	81	48	
9	81	49	
9	81	50	
9	81	51	
9	81	52	
9	81	53	
9	81	54	
9	81	55	
9	81	56	
9	81	57	
9	81	58	
9	81	59	
9	81	60	
9	81	61	
9	81	62	
9	81	63	
9	81	64	
9	81	65	
9	81	66	
9	81	67	
9	81	68	
9	81	69	
9	81	70	
9	81	71	
9	81	72	
9	81	73	
9	81	74	
9	81	75	
9	81	76	
10	81	76	
0
33	1w2s	pin_out_33	pin_in_33
9	0	22	
9	0	23	
9	0	24	
9	0	25	
9	0	26	
9	0	27	
9	0	28	
9	0	29	
9	0	30	
9	0	31	
9	0	32	
9	0	33	
9	0	34	
9	0	35	
9	0	36	
9	0	37	
9	0	38	
9	0	39	
9	0	40	
9	0	41	
9	0	42	
9	0	43	
9	0	44	
9	0	45	
9	0	46	
9	0	47	
9	0	48	
9	0	49	
9	0	50	
9	0	51	
9	0	52	
9	0	53	
9	0	54	
9	0	55	
9	0	56	
9	0	57	
9	0	58	
9	0	59	
9	0	60	
9	0	61	
9	0	62	
9	0	63	
9	0	64	
9	0	65	
9	0	66	
9	0	67	
9	0	68	
9	0	69	
9	0	70	
9	0	71	
9	0	72	
9	0	73	
9	0	74	
9	0	75	
9	0	76	
9	0	77	
9	0	78	
9	0	79	
9	0	80	
9	0	81	
9	0	82	
9	0	83	
9	0	84	
9	0	85	
9	0	86	
9	0	87	
9	0	88	
8	0	88	
8	1	88	
8	2	88	
8	3	88	
8	4	88	
8	5	88	
8	6	88	
8	7	88	
8	8	88	
8	9	88	
8	10	88	
8	11	88	
8	12	88	
8	13	88	
8	14	88	
8	15	88	
8	16	88	
8	17	88	
8	18	88	
8	19	88	
8	20	88	
8	21	88	
8	22	88	
8	23	88	
8	24	88	
8	25	88	
8	26	88	
8	27	88	
8	28	88	
8	29	88	
8	30	88	
8	31	88	
8	32	88	
8	33	88	
8	34	88	
8	35	88	
8	36	88	
8	37	88	
8	38	88	
8	39	88	
8	40	88	
8	41	88	
8	42	88	
9	42	88	
0
34	default	pin_out_34	pin_in_34
7	69	75	
7	69	76	
7	69	77	
7	69	78	
7	69	79	
7	69	80	
7	69	81	
7	69	82	
6	69	82	
6	70	82	
6	71	82	
7	71	82	
0
35	1w2s	pin_out_35	pin_in_35
8	76	56	
8	75	56	
8	74	56	
8	73	56	
8	72	56	
8	71	56	
8	70	56	
8	69	56	
8	68	56	
8	67	56	
8	66	56	
8	65	56	
8	64	56	
8	63	56	
8	62	56	
8	61	56	
8	60	56	
8	59	56	
8	58	56	
8	57	56	
8	56	56	
8	55	56	
8	54	56	
8	53	56	
8	52	56	
8	51	56	
8	50	56	
8	49	56	
8	48	56	
8	47	56	
8	46	56	
8	45	56	
8	44	56	
8	43	56	
8	42	56	
8	41	56	
8	40	56	
8	39	56	
8	38	56	
8	37	56	
8	36	56	
8	35	56	
8	34	56	
8	33	56	
8	32	56	
8	31	56	
8	30	56	
8	29	56	
8	28	56	
8	27	56	
8	26	56	
8	25	56	
8	24	56	
8	23	56	
8	22	56	
8	21	56	
8	20	56	
8	19	56	
8	18	56	
8	17	56	
8	16	56	
8	15	56	
8	14	56	
8	13	56	
8	12	56	
9	12	56	
9	12	55	
9	12	54	
9	12	53	
9	12	52	
9	12	51	
9	12	50	
9	12	49	
9	12	48	
9	12	47	
9	12	46	
9	12	45	
9	12	44	
9	12	43	
9	12	42	
9	12	41	
0
36	default	pin_out_36	pin_in_36
7	12	37	
7	12	38	
7	12	39	
7	12	40	
7	12	41	
7	12	42	
7	12	43	
7	12	44	
7	12	45	
7	12	46	
7	12	47	
7	12	48	
7	12	49	
7	12	50	
8	12	50	
8	13	50	
8	14	50	
8	15	50	
8	16	50	
8	17	50	
8	18	50	
8	19	50	
8	20	50	
8	21	50	
8	22	50	
8	23	50	
8	24	50	
8	25	50	
8	26	50	
8	27	50	
8	28	50	
8	29	50	
8	30	50	
8	31	50	
8	32	50	
8	33	50	
8	34	50	
8	35	50	
8	36	50	
8	37	50	
8	38	50	
8	39	50	
8	40	50	
8	41	50	
8	42	50	
8	43	50	
8	44	50	
8	45	50	
8	46	50	
8	47	50	
8	48	50	
8	49	50	
8	50	50	
8	51	50	
8	52	50	
8	53	50	
8	54	50	
8	55	50	
8	56	50	
8	57	50	
8	58	50	
8	59	50	
8	60	50	
8	61	50	
8	62	50	
8	63	50	
8	64	50	
8	65	50	
8	66	50	
8	67	50	
8	68	50	
8	69	50	
9	69	50	
0
37	default	pin_out_37	pin_in_37
8	62	67	
7	62	67	
7	62	66	
7	62	65	
7	62	64	
7	62	63	
7	62	62	
7	62	61	
7	62	60	
7	62	59	
7	62	58	
7	62	57	
7	62	56	
7	62	55	
7	62	54	
7	62	53	
7	62	52	
7	62	51	
7	62	50	
7	62	49	
7	62	48	
7	62	47	
0
38	1w2s_shield	pin_out_38	pin_in_38
10	8	4	
10	9	4	
10	10	4	
10	11	4	
10	12	4	
10	13	4	
10	14	4	
10	15	4	
10	16	4	
10	17	4	
10	18	4	
10	19	4	
10	20	4	
10	21	4	
10	22	4	
10	23	4	
10	24	4	
10	25	4	
10	26	4	
10	27	4	
10	28	4	
10	29	4	
10	30	4	
10	31	4	
10	32	4	
10	33	4	
10	34	4	
10	35	4	
10	36	4	
10	37	4	
10	38	4	
10	39	4	
10	40	4	
10	41	4	
10	42	4	
10	43	4	
10	44	4	
10	45	4	
10	46	4	
10	47	4	
10	48	4	
10	49	4	
10	50	4	
10	51	4	
10	52	4	
10	53	4	
10	54	4	
10	55	4	
11	55	4	
11	55	3	
11	55	2	
11	55	1	
11	55	0	
0
39	1w2s_shield	pin_out_39	pin_in_39
11	63	1	
11	63	2	
11	63	3	
11	63	4	
11	63	5	
11	63	6	
11	63	7	
11	63	8	
11	63	9	
11	63	10	
11	63	11	
11	63	12	
11	63	13	
11	63	14	
11	63	15	
11	63	16	
11	63	17	
11	63	18	
11	63	19	
11	63	20	
11	63	21	
11	63	22	
11	63	23	
10	63	23	
10	62	23	
10	61	23	
10	60	23	
10	59	23	
10	58	23	
10	57	23	
10	56	23	
10	55	23	
10	54	23	
10	53	23	
10	52	23	
10	51	23	
10	50	23	
10	49	23	
11	49	23	
0
40	1w2s_shield	pin_out_40	pin_in_40
11	83	66	
11	83	67	
10	83	67	
10	82	67	
10	81	67	
10	80	67	
10	79	67	
10	78	67	
10	77	67	
10	76	67	
10	75	67	
10	74	67	
10	73	67	
10	72	67	
10	71	67	
10	70	67	
10	69	67	
10	68	67	
10	67	67	
10	66	67	
10	65	67	
10	64	67	
11	64	67	
0
41	default	pin_out_41	pin_in_41
6	3	6	
6	4	6	
6	5	6	
6	6	6	
6	7	6	
6	8	6	
6	9	6	
6	10	6	
6	11	6	
6	12	6	
6	13	6	
6	14	6	
6	15	6	
6	16	6	
6	17	6	
6	18	6	
6	19	6	
6	20	6	
6	21	6	
6	22	6	
6	23	6	
6	24	6	
6	25	6	
6	26	6	
6	27	6	
6	28	6	
6	29	6	
6	30	6	
6	31	6	
6	32	6	
6	33	6	
6	34	6	
6	35	6	
6	36	6	
6	37	6	
6	38	6	
6	39	6	
6	40	6	
6	41	6	
6	42	6	
6	43	6	
6	44	6	
6	45	6	
6	46	6	
6	47	6	
6	48	6	
7	48	6	
7	48	7	
7	48	8	
7	48	9	
7	48	10	
7	48	11	
7	48	12	
7	48	13	
7	48	14	
7	48	15	
7	48	16	
7	48	17	
7	48	18	
7	48	19	
7	48	20	
7	48	21	
7	48	22	
7	48	23	
7	48	24	
7	48	25	
7	48	26	
7	48	27	
7	48	28	
7	48	29	
7	48	30	
7	48	31	
7	48	32	
7	48	33	
7	48	34	
7	48	35	
7	48	36	
7	48	37	
7	48	38	
7	48	39	
7	48	40	
7	48	41	
7	48	42	
7	48	43	
7	48	44	
7	48	45	
7	48	46	
7	48	47	
7	48	48	
7	48	49	
7	48	50	
7	48	51	
7	48	52	
7	48	53	
7	48	54	
7	48	55	
0
42	default	pin_out_42	pin_in_42
9	40	3	
9	40	4	
9	40	5	
9	40	6	
9	40	7	
9	40	8	
9	40	9	
9	40	10	
9	40	11	
9	40	12	
9	40	13	
9	40	14	
9	40	15	
9	40	16	
9	40	17	
9	40	18	
9	40	19	
9	40	20	
9	40	21	
9	40	22	
9	40	23	
9	40	24	
9	40	25	
9	40	26	
9	40	27	
9	40	28	
9	40	29	
9	40	30	
9	40	31	
9	40	32	
9	40	33	
9	40	34	
9	40	35	
9	40	36	
9	40	37	
9	40	38	
9	40	39	
9	40	40	
9	40	41	
9	40	42	
9	40	43	
9	40	44	
9	40	45	
9	40	46	
9	40	47	
9	40	48	
9	40	49	
9	40	50	
9	40	51	
9	40	52	
9	40	53	
9	40	54	
9	40	55	
9	40	56	
9	40	57	
9	40	58	
9	40	59	
9	40	60	
9	40	61	
9	40	62	
8	40	62	
8	39	62	
8	38	62	
8	37	62	
8	36	62	
8	35	62	
8	34	62	
8	33	62	
8	32	62	
8	31	62	
8	30	62	
8	29	62	
0
43	default	pin_out_43	pin_in_43
6	80	52	
6	79	52	
6	78	52	
6	77	52	
6	76	52	
6	75	52	
6	74	52	
6	73	52	
6	72	52	
6	71	52	
6	70	52	
6	69	52	
6	68	52	
6	67	52	
6	66	52	
6	65	52	
6	64	52	
6	63	52	
6	62	52	
6	61	52	
6	60	52	
6	59	52	
6	58	52	
6	57	52	
6	56	52	
6	55	52	
6	54	52	
6	53	52	
6	52	52	
6	51	52	
6	50	52	
6	49	52	
6	48	52	
6	47	52	
6	46	52	
6	45	52	
6	44	52	
6	43	52	
6	42	52	
6	41	52	
6	40	52	
6	39	52	
6	38	52	
6	37	52	
6	36	52	
6	35	52	
6	34	52	
6	33	52	
6	32	52	
6	31	52	
6	30	52	
6	29	52	
6	28	52	
6	27	52	
6	26	52	
7	26	52	
7	26	51	
7	26	50	
7	26	49	
7	26	48	
7	26	47	
7	26	46	
7	26	45	
7	26	44	
7	26	43	
0
44	default	pin_out_44	pin_in_44
8	30	38	
7	30	38	
7	30	39	
7	30	40	
7	30	41	
7	30	42	
7	30	43	
7	30	44	
7	30	45	
7	30	46	
7	30	47	
7	30	48	
7	30	49	
7	30	50	
7	30	51	
7	30	52	
7	30	53	
7	30	54	
7	30	55	
7	30	56	
7	30	57	
7	30	58	
7	30	59	
7	30	60	
7	30	61	
7	30	62	
6	30	62	
6	29	62	
6	28	62	
6	27	62	
6	26	62	
6	25	62	
6	24	62	
6	23	62	
6	22	62	
6	21	62	
6	20	62	
6	19	62	
0
45	default	pin_out_45	pin_in_45
7	76	4	
7	76	5	
7	76	6	
7	76	7	
7	76	8	
7	76	9	
7	76	10	
7	76	11	
7	76	12	
7	76	13	
7	76	14	
7	76	15	
7	76	16	
7	76	17	
7	76	18	
7	76	19	
7	76	20	
7	76	21	
7	76	22	
7	76	23	
7	76	24	
7	76	25	
7	76	26	
7	76	27	
7	76	28	
7	76	29	
7	76	30	
7	76	31	
7	76	32	
7	76	33	
7	76	34	
7	76	35	
7	76	36	
7	76	37	
7	76	38	
7	76	39	
7	76	40	
7	76	41	
7	76	42	
7	76	43	
7	76	44	
7	76	45	
7	76	46	
7	76	47	
6	76	47	
6	75	47	
6	74	47	
6	73	47	
6	72	47	
6	71	47	
6	70	47	
6	69	47	
6	68	47	
6	67	47	
6	66	47	
6	65	47	
6	64	47	
6	63	47	
6	62	47	
6	61	47	
6	60	47	
6	59	47	
6	58	47	
6	57	47	
6	56	47	
6	55	47	
6	54	47	
6	53	47	
6	52	47	
6	51	47	
6	50	47	
6	49	47	
6	48	47	
6	47	47	
6	46	47	
6	45	47	
6	44	47	
6	43	47	
6	42	47	
6	41	47	
6	40	47	
6	39	47	
6	38	47	
6	37	47	
6	36	47	
6	35	47	
6	34	47	
6	33	47	
6	32	47	
6	31	47	
6	30	47	
6	29	47	
6	28	47	
6	27	47	
6	26	47	
6	25	47	
6	24	47	
6	23	47	
6	22	47	
6	21	47	
6	20	47	
6	19	47	
6	18	47	
6	17	47	
6	16	47	
6	15	47	
6	14	47	
7	14	47	
0
46	default	pin_out_46	pin_in_46
9	88	85	
9	88	84	
9	88	83	
9	88	82	
9	88	81	
9	88	80	
9	88	79	
9	88	78	
9	88	77	
9	88	76	
9	88	75	
9	88	74	
9	88	73	
9	88	72	
9	88	71	
9	88	70	
9	88	69	
9	88	68	
9	88	67	
9	88	66	
9	88	65	
9	88	64	
9	88	63	
9	88	62	
9	88	61	
9	88	60	
9	88	59	
9	88	58	
9	88	57	
9	88	56	
9	88	55	
9	88	54	
9	88	53	
9	88	52	
9	88	51	
9	88	50	
9	88	49	
9	88	48	
9	88	47	
9	88	46	
9	88	45	
9	88	44	
9	88	43	
9	88	42	
9	88	41	
9	88	40	
9	88	39	
9	88	38	
9	88	37	
9	88	36	
9	88	35	
9	88	34	
9	88	33	
9	88	32	
9	88	31	
8	88	31	
8	87	31	
8	86	31	
8	85	31	
8	84	31	
8	83	31	
8	82	31	
8	81	31	
8	80	31	
8	79	31	
8	78	31	
8	77	31	
8	76	31	
8	75	31	
8	74	31	
0
47	1w2s_shield	pin_out_47	pin_in_47
11	19	81	
11	19	80	
11	19	79	
11	19	78	
11	19	77	
11	19	76	
11	19	75	
11	19	74	
11	19	73	
11	19	72	
11	19	71	
11	19	70	
11	19	69	
11	19	68	
11	19	67	
11	19	66	
11	19	65	
11	19	64	
11	19	63	
11	19	62	
11	19	61	
11	19	60	
11	19	59	
11	19	58	
11	19	57	
11	19	56	
11	19	55	
11	19	54	
11	19	53	
11	19	52	
11	19	51	
11	19	50	
11	19	49	
11	19	48	
11	19	47	
11	19	46	
11	19	45	
11	19	44	
11	19	43	
11	19	42	
11	19	41	
11	19	40	
11	19	39	
11	19	38	
11	19	37	
10	19	37	
10	20	37	
10	21	37	
10	22	37	
10	23	37	
10	24	37	
10	25	37	
10	26	37	
10	27	37	
10	28	37	
10	29	37	
10	30	37	
10	31	37	
10	32	37	
10	33	37	
10	34	37	
10	35	37	
10	36	37	
10	37	37	
10	38	37	
10	39	37	
10	40	37	
10	41	37	
10	42	37	
10	43	37	
10	44	37	
10	45	37	
10	46	37	
10	47	37	
10	48	37	
10	49	37	
10	50	37	
10	51	37	
10	52	37	
10	53	37	
10	54	37	
10	55	37	
10	56	37	
10	57	37	
10	58	37	
10	59	37	
10	60	37	
10	61	37	
10	62	37	
10	63	37	
10	64	37	
10	65	37	
10	66	37	
10	67	37	
10	68	37	
10	69	37	
10	70	37	
10	71	37	
10	72	37	
0
48	default	pin_out_48	pin_in_48
6	81	97	
6	80	97	
6	79	97	
6	78	97	
6	77	97	
6	76	97	
6	75	97	
6	74	97	
6	73	97	
7	73	97	
7	73	96	
7	73	95	
7	73	94	
7	73	93	
7	73	92	
7	73	91	
7	73	90	
7	73	89	
7	73	88	
7	73	87	
7	73	86	
7	73	85	
7	73	84	
7	73	83	
7	73	82	
7	73	81	
7	73	80	
7	73	79	
7	73	78	
7	73	77	
7	73	76	
7	73	75	
7	73	74	
7	73	73	
7	73	72	
7	73	71	
7	73	70	
7	73	69	
7	73	68	
7	73	67	
7	73	66	
7	73	65	
7	73	64	
7	73	63	
7	73	62	
7	73	61	
7	73	60	
7	73	59	
7	73	58	
7	73	57	
7	73	56	
7	73	55	
7	73	54	
7	73	53	
7	73	52	
7	73	51	
7	73	50	
7	73	49	
7	73	48	
7	73	47	
7	73	46	
7	73	45	
7	73	44	
7	73	43	
7	73	42	
7	73	41	
7	73	40	
7	73	39	
7	73	38	
7	73	37	
7	73	36	
7	73	35	
7	73	34	
7	73	33	
7	73	32	
7	73	31	
7	73	30	
0
49	default	pin_out_49	pin_in_49
7	49	88	
7	49	87	
7	49	86	
7	49	85	
7	49	84	
7	49	83	
7	49	82	
7	49	81	
7	49	80	
7	49	79	
7	49	78	
7	49	77	
7	49	76	
7	49	75	
7	49	74	
7	49	73	
7	49	72	
7	49	71	
7	49	70	
7	49	69	
7	49	68	
7	49	67	
7	49	66	
7	49	65	
7	49	64	
7	49	63	
7	49	62	
7	49	61	
7	49	60	
7	49	59	
7	49	58	
7	49	57	
7	49	56	
7	49	55	
7	49	54	
7	49	53	
7	49	52	
7	49	51	
7	49	50	
7	49	49	
7	49	48	
7	49	47	
7	49	46	
7	49	45	
7	49	44	
7	49	43	
7	49	42	
7	49	41	
7	49	40	
7	49	39	
7	49	38	
7	49	37	
7	49	36	
7	49	35	
7	49	34	
7	49	33	
7	49	32	
7	49	31	
7	49	30	
7	49	29	
7	49	28	
7	49	27	
7	49	26	
7	49	25	
7	49	24	
7	49	23	
7	49	22	
7	49	21	
7	49	20	
7	49	19	
7	49	18	
7	49	17	
7	49	16	
7	49	15	
7	49	14	
7	49	13	
7	49	12	
7	49	11	
7	49	10	
7	49	9	
7	49	8	
7	49	7	
7	49	6	
7	49	5	
7	49	4	
7	49	3	
7	49	2	
7	49	1	
7	49	0	
6	49	0	
6	50	0	
6	51	0	
6	52	0	
6	53	0	
6	54	0	
6	55	0	
6	56	0	
6	57	0	
6	58	0	
6	59	0	
6	60	0	
6	61	0	
6	62	0	
6	63	0	
6	64	0	
6	65	0	
6	66	0	
6	67	0	
6	68	0	
6	69	0	
6	70	0	
6	71	0	
6	72	0	
6	73	0	
6	74	0	
6	75	0	
6	76	0	
6	77	0	
6	78	0	
6	79	0	
6	80	0	
6	81	0	
6	82	0	
6	83	0	
6	84	0	
6	85	0	
6	86	0	
6	87	0	
6	88	0	
6	89	0	
0
50	default	pin_out_50	pin_in_50
9	80	61	
9	80	62	
9	80	63	
9	80	64	
9	80	65	
9	80	66	
9	80	67	
9	80	68	
9	80	69	
9	80	70	
9	80	71	
9	80	72	
9	80	73	
9	80	74	
9	80	75	
9	80	76	
8	80	76	
8	79	76	
8	78	76	
8	77	76	
8	76	76	
8	75	76	
8	74	76	
8	73	76	
8	72	76	
8	71	76	
8	70	76	
8	69	76	
8	68	76	
8	67	76	
8	66	76	
8	65	76	
8	64	76	
8	63	76	
8	62	76	
8	61	76	
8	60	76	
8	59	76	
8	58	76	
8	57	76	
8	56	76	
8	55	76	
8	54	76	
8	53	76	
8	52	76	
8	51	76	
8	50	76	
8	49	76	
8	48	76	
8	47	76	
8	46	76	
8	45	76	
8	44	76	
8	43	76	
8	42	76	
8	41	76	
8	40	76	
8	39	76	
8	38	76	
8	37	76	
8	36	76	
8	35	76	
8	34	76	
8	33	76	
8	32	76	
9	32	76	
0
51	1w2s_shield	pin_out_51	pin_in_51
10	88	75	
10	87	75	
10	86	75	
10	85	75	
10	84	75	
10	83	75	
10	82	75	
10	81	75	
10	80	75	
10	79	75	
10	78	75	
10	77	75	
10	76	75	
10	75	75	
10	74	75	
10	73	75	
10	72	75	
10	71	75	
10	70	75	
10	69	75	
10	68	75	
11	68	75	
11	68	76	
11	68	77	
11	68	78	
11	68	79	
11	68	80	
11	68	81	
11	68	82	
11	68	83	
11	68	84	
11	68	85	
11	68	86	
11	68	87	
0
52	1w2s	pin_out_52	pin_in_52
9	5	75	
9	5	74	
9	5	73	
9	5	72	
9	5	71	
9	5	70	
9	5	69	
9	5	68	
9	5	67	
9	5	66	
9	5	65	
9	5	64	
9	5	63	
9	5	62	
9	5	61	
9	5	60	
9	5	59	
9	5	58	
9	5	57	
9	5	56	
9	5	55	
9	5	54	
9	5	53	
9	5	52	
9	5	51	
9	5	50	
8	5	50	
8	6	50	
8	7	50	
8	8	50	
8	9	50	
8	10	50	
8	11	50	
8	12	50	
8	13	50	
8	14	50	
8	15	50	
8	16	50	
8	17	50	
8	18	50	
8	19	50	
8	20	50	
8	21	50	
8	22	50	
8	23	50	
8	24	50	
8	25	50	
8	26	50	
8	27	50	
8	28	50	
8	29	50	
8	30	50	
8	31	50	
8	32	50	
8	33	50	
8	34	50	
8	35	50	
8	36	50	
8	37	50	
8	38	50	
8	39	50	
8	40	50	
8	41	50	
8	42	50	
8	43	50	
8	44	50	
8	45	50	
8	46	50	
8	47	50	
8	48	50	
8	49	50	
8	50	50	
8	51	50	
8	52	50	
8	53	50	
8	54	50	
8	55	50	
8	56	50	
8	57	50	
8	58	50	
8	59	50	
8	60	50	
8	61	50	
8	62	50	
8	63	50	
8	64	50	
8	65	50	
8	66	50	
8	67	50	
8	68	50	
8	69	50	
8	70	50	
8	71	50	
8	72	50	
8	73	50	
8	74	50	
8	75	50	
8	76	50	
8	77	50	
8	78	50	
8	79	50	
8	80	50	
8	81	50	
8	82	50	
8	83	50	
8	84	50	
8	85	50	
8	86	50	
8	87	50	
8	88	50	
8	89	50	
8	90	50	
8	91	50	
0
53	default	pin_out_53	pin_in_53
7	22	27	
7	22	28	
7	22	29	
7	22	30	
7	22	31	
7	22	32	
7	22	33	
7	22	34	
7	22	35	
7	22	36	
7	22	37	
7	22	38	
7	22	39	
7	22	40	
7	22	41	
7	22	42	
7	22	43	
7	22	44	
7	22	45	
7	22	46	
7	22	47	
7	22	48	
7	22	49	
7	22	50	
7	22	51	
7	22	52	
7	22	53	
7	22	54	
7	22	55	
7	22	56	
7	22	57	
7	22	58	
7	22	59	
7	22	60	
7	22	61	
7	22	62	
7	22	63	
7	22	64	
7	22	65	
7	22	66	
7	22	67	
7	22	68	
7	22	69	
7	22	70	
7	22	71	
7	22	72	
7	22	73	
7	22	74	
7	22	75	
7	22	76	
7	22	77	
7	22	78	
7	22	79	
7	22	80	
8	22	80	
8	23	80	
8	24	80	
8	25	80	
8	26	80	
8	27	80	
8	28	80	
8	29	80	
8	30	80	
8	31	80	
8	32	80	
8	33	80	
8	34	80	
8	35	80	
8	36	80	
8	37	80	
8	38	80	
0
54	1w2s_shield	pin_out_54	pin_in_54
11	54	86	
11	54	85	
11	54	84	
11	54	83	
11	54	82	
11	54	81	
11	54	80	
11	54	79	
11	54	78	
11	54	77	
11	54	76	
11	54	75	
11	54	74	
11	54	73	
11	54	72	
11	54	71	
11	54	70	
11	54	69	
11	54	68	
11	54	67	
11	54	66	
11	54	65	
11	54	64	
11	54	63	
11	54	62	
11	54	61	
11	54	60	
11	54	59	
11	54	58	
11	54	57	
11	54	56	
11	54	55	
11	54	54	
11	54	53	
11	54	52	
11	54	51	
11	54	50	
11	54	49	
11	54	48	
11	54	47	
11	54	46	
11	54	45	
11	54	44	
11	54	43	
11	54	42	
11	54	41	
10	54	41	
10	55	41	
10	56	41	
10	57	41	
10	58	41	
10	59	41	
10	60	41	
10	61	41	
10	62	41	
10	63	41	
10	64	41	
10	65	41	
10	66	41	
11	66	41	
0
55	default	pin_out_55	pin_in_55
7	72	28	
7	72	27	
7	72	26	
7	72	25	
7	72	24	
7	72	23	
7	72	22	
7	72	21	
7	72	20	
7	72	19	
7	72	18	
7	72	17	
7	72	16	
7	72	15	
7	72	14	
7	72	13	
7	72	12	
7	72	11	
7	72	10	
7	72	9	
7	72	8	
7	72	7	
7	72	6	
7	72	5	
6	72	5	
6	71	5	
6	70	5	
6	69	5	
6	68	5	
6	67	5	
6	66	5	
6	65	5	
6	64	5	
6	63	5	
6	62	5	
6	61	5	
6	60	5	
0
56	default	pin_out_56	pin_in_56
8	27	30	
8	26	30	
8	25	30	
8	24	30	
8	23	30	
9	23	30	
9	23	31	
9	23	32	
9	23	33	
9	23	34	
9	23	35	
9	23	36	
9	23	37	
9	23	38	
9	23	39	
9	23	40	
9	23	41	
9	23	42	
9	23	43	
9	23	44	
9	23	45	
9	23	46	
9	23	47	
9	23	48	
9	23	49	
0
57	default	pin_out_57	pin_in_57
8	5	92	
8	6	92	
8	7	92	
8	8	92	
8	9	92	
8	10	92	
8	11	92	
8	12	92	
8	13	92	
8	14	92	
8	15	92	
8	16	92	
8	17	92	
8	18	92	
8	19	92	
8	20	92	
8	21	92	
8	22	92	
8	23	92	
8	24	92	
8	25	92	
8	26	92	
8	27	92	
8	28	92	
8	29	92	
8	30	92	
8	31	92	
8	32	92	
8	33	92	
8	34	92	
8	35	92	
8	36	92	
8	37	92	
8	38	92	
8	39	92	
8	40	92	
8	41	92	
8	42	92	
8	43	92	
8	44	92	
8	45	92	
8	46	92	
8	47	92	
7	47	92	
7	47	91	
7	47	90	
7	47	89	
7	47	88	
7	47	87	
7	47	86	
7	47	85	
7	47	84	
7	47	83	
7	47	82	
7	47	81	
7	47	80	
7	47	79	
7	47	78	
7	47	77	
7	47	76	
7	47	75	
7	47	74	
7	47	73	
7	47	72	
7	47	71	
7	47	70	
7	47	69	
7	47	68	
7	47	67	
7	47	66	
7	47	65	
7	47	64	
7	47	63	
7	47	62	
7	47	61	
7	47	60	
7	47	59	
7	47	58	
7	47	57	
7	47	56	
7	47	55	
7	47	54	
7	47	53	
7	47	52	
7	47	51	
7	47	50	
7	47	49	
7	47	48	
7	47	47	
7	47	46	
8	47	46	
0
58	1w2s	pin_out_58	pin_in_58
8	43	49	
8	44	49	
8	45	49	
8	46	49	
8	47	49	
8	48	49	
8	49	49	
8	50	49	
8	51	49	
8	52	49	
8	53	49	
8	54	49	
8	55	49	
8	56	49	
8	57	49	
8	58	49	
8	59	49	
8	60	49	
8	61	49	
9	61	49	
9	61	50	
9	61	51	
9	61	52	
9	61	53	
9	61	54	
9	61	55	
9	61	56	
9	61	57	
9	61	58	
9	61	59	
9	61	60	
9	61	61	
9	61	62	
9	61	63	
9	61	64	
9	61	65	
9	61	66	
9	61	67	
9	61	68	
9	61	69	
9	61	70	
9	61	71	
9	61	72	
9	61	73	
9	61	74	
9	61	75	
9	61	76	
9	61	77	
9	61	78	
9	61	79	
9	61	80	
9	61	81	
9	61	82	
9	61	83	
9	61	84	
0
59	1w2s	pin_out_59	pin_in_59
9	45	56	
9	45	55	
9	45	54	
9	45	53	
9	45	52	
9	45	51	
9	45	50	
9	45	49	
9	45	48	
9	45	47	
9	45	46	
9	45	45	
9	45	44	
9	45	43	
9	45	42	
9	45	41	
9	45	40	
9	45	39	
9	45	38	
9	45	37	
9	45	36	
9	45	35	
9	45	34	
9	45	33	
9	45	32	
9	45	31	
9	45	30	
9	45	29	
9	45	28	
9	45	27	
9	45	26	
9	45	25	
9	45	24	
8	45	24	
8	44	24	
8	43	24	
8	42	24	
8	41	24	
8	40	24	
8	39	24	
8	38	24	
8	37	24	
8	36	24	
8	35	24	
8	34	24	
8	33	24	
8	32	24	
8	31	24	
8	30	24	
8	29	24	
8	28	24	
8	27	24	
8	26	24	
8	25	24	
9	25	24	
0
60	1w2s_shield	pin_out_60	pin_in_60
10	46	50	
10	47	50	
10	48	50	
10	49	50	
10	50	50	
10	51	50	
10	52	50	
10	53	50	
10	54	50	
10	55	50	
10	56	50	
10	57	50	
10	58	50	
10	59	50	
10	60	50	
10	61	50	
10	62	50	
10	63	50	
10	64	50	
10	65	50	
10	66	50	
10	67	50	
10	68	50	
10	69	50	
10	70	50	
10	71	50	
10	72	50	
10	73	50	
10	74	50	
10	75	50	
10	76	50	
10	77	50	
10	78	50	
10	79	50	
10	80	50	
10	81	50	
10	82	50	
10	83	50	
10	84	50	
10	85	50	
10	86	50	
10	87	50	
9	87	50	
9	87	49	
9	87	48	
9	87	47	
10	87	47	
0
61	1w2s	pin_out_61	pin_in_61
9	81	85	
9	81	84	
9	81	83	
9	81	82	
9	81	81	
9	81	80	
9	81	79	
9	81	78	
9	81	77	
9	81	76	
9	81	75	
9	81	74	
9	81	73	
9	81	72	
9	81	71	
9	81	70	
9	81	69	
9	81	68	
9	81	67	
9	81	66	
9	81	65	
9	81	64	
9	81	63	
9	81	62	
9	81	61	
9	81	60	
9	81	59	
9	81	58	
9	81	57	
9	81	56	
9	81	55	
9	81	54	
9	81	53	
9	81	52	
9	81	51	
9	81	50	
9	81	49	
9	81	48	
9	81	47	
9	81	46	
9	81	45	
9	81	44	
9	81	43	
9	81	42	
9	81	41	
9	81	40	
9	81	39	
9	81	38	
9	81	37	
8	81	37	
8	80	37	
8	79	37	
8	78	37	
8	77	37	
8	76	37	
8	75	37	
8	74	37	
8	73	37	
8	72	37	
8	71	37	
8	70	37	
8	69	37	
8	68	37	
8	67	37	
8	66	37	
8	65	37	
8	64	37	
8	63	37	
8	62	37	
8	61	37	
8	60	37	
8	59	37	
8	58	37	
8	57	37	
8	56	37	
8	55	37	
8	54	37	
9	54	37	
0
62	default	pin_out_62	pin_in_62
8	19	43	
8	20	43	
8	21	43	
8	22	43	
8	23	43	
8	24	43	
9	24	43	
9	24	42	
9	24	41	
9	24	40	
9	24	39	
9	24	38	
9	24	37	
9	24	36	
9	24	35	
9	24	34	
9	24	33	
9	24	32	
9	24	31	
9	24	30	
9	24	29	
9	24	28	
9	24	27	
9	24	26	
9	24	25	
9	24	24	
9	24	23	
9	24	22	
9	24	21	
9	24	20	
9	24	19	
9	24	18	
9	24	17	
0
63	default	pin_out_63	pin_in_63
8	0	53	
8	1	53	
8	2	53	
8	3	53	
8	4	53	
8	5	53	
8	6	53	
8	7	53	
8	8	53	
8	9	53	
8	10	53	
8	11	53	
8	12	53	
8	13	53	
8	14	53	
8	15	53	
8	16	53	
8	17	53	
8	18	53	
8	19	53	
8	20	53	
8	21	53	
8	22	53	
8	23	53	
8	24	53	
8	25	53	
8	26	53	
8	27	53	
8	28	53	
8	29	53	
8	30	53	
8	31	53	
8	32	53	
8	33	53	
8	34	53	
8	35	53	
8	36	53	
8	37	53	
8	38	53	
8	39	53	
8	40	53	
8	41	53	
8	42	53	
8	43	53	
8	44	53	
8	45	53	
8	46	53	
8	47	53	
8	48	53	
8	49	53	
8	50	53	
8	51	53	
8	52	53	
8	53	53	
8	54	53	
8	55	53	
8	56	53	
7	56	53	
7	56	52	
7	56	51	
7	56	50	
7	56	49	
7	56	48	
7	56	47	
7	56	46	
7	56	45	
7	56	44	
7	56	43	
7	56	42	
7	56	41	
7	56	40	
7	56	39	
7	56	38	
7	56	37	
7	56	36	
7	56	35	
7	56	34	
7	56	33	
8	56	33	
0
64	default	pin_out_64	pin_in_64
7	57	36	
7	57	37	
7	57	38	
7	57	39	
7	57	40	
7	57	41	
7	57	42	
7	57	43	
7	57	44	
7	57	45	
7	57	46	
7	57	47	
7	57	48	
7	57	49	
7	57	50	
7	57	51	
7	57	52	
7	57	53	
7	57	54	
7	57	55	
7	57	56	
7	57	57	
7	57	58	
7	57	59	
7	57	60	
7	57	61	
7	57	62	
7	57	63	
7	57	64	
7	57	65	
7	57	66	
7	57	67	
7	57	68	
7	57	69	
7	57	70	
7	57	71	
7	57	72	
7	57	73	
7	57	74	
7	57	75	
7	57	76	
7	57	77	
7	57	78	
7	57	79	
7	57	80	
7	57	81	
7	57	82	
7	57	83	
7	57	84	
7	57	85	
7	57	86	
7	57	87	
7	57	88	
7	57	89	
7	57	90	
7	57	91	
6	57	91	
6	58	91	
6	59	91	
6	60	91	
6	61	91	
6	62	91	
6	63	91	
6	64	91	
6	65	91	
0
65	1w2s	pin_out_65	pin_in_65
8	34	71	
8	33	71	
8	32	71	
8	31	71	
8	30	71	
8	29	71	
8	28	71	
8	27	71	
8	26	71	
8	25	71	
8	24	71	
7	24	71	
7	24	70	
7	24	69	
7	24	68	
7	24	67	
7	24	66	
7	24	65	
7	24	64	
7	24	63	
7	24	62	
7	24	61	
7	24	60	
7	24	59	
7	24	58	
7	24	57	
7	24	56	
7	24	55	
7	24	54	
7	24	53	
7	24	52	
7	24	51	
7	24	50	
7	24	49	
7	24	48	
7	24	47	
7	24	46	
7	24	45	
7	24	44	
7	24	43	
7	24	42	
7	24	41	
7	24	40	
7	24	39	
7	24	38	
7	24	37	
7	24	36	
7	24	35	
7	24	34	
7	24	33	
7	24	32	
7	24	31	
7	24	30	
7	24	29	
7	24	28	
7	24	27	
7	24	26	
7	24	25	
7	24	24	
7	24	23	
7	24	22	
7	24	21	
7	24	20	
7	24	19	
7	24	18	
7	24	17	
7	24	16	
7	24	15	
7	24	14	
7	24	13	
7	24	12	
7	24	11	
7	24	10	
7	24	9	
7	24	8	
8	24	8	
0
66	default	pin_out_66	pin_in_66
7	64	77	
7	64	76	
7	64	75	
7	64	74	
7	64	73	
7	64	72	
7	64	71	
7	64	70	
7	64	69	
7	64	68	
7	64	67	
7	64	66	
7	64	65	
7	64	64	
7	64	63	
7	64	62	
7	64	61	
7	64	60	
7	64	59	
7	64	58	
7	64	57	
7	64	56	
7	64	55	
7	64	54	
7	64	53	
7	64	52	
7	64	51	
7	64	50	
7	64	49	
7	64	48	
7	64	47	
7	64	46	
7	64	45	
7	64	44	
7	64	43	
7	64	42	
7	64	41	
7	64	40	
7	64	39	
7	64	38	
7	64	37	
7	64	36	
7	64	35	
7	64	34	
7	64	33	
7	64	32	
7	64	31	
7	64	30	
7	64	29	
7	64	28	
7	64	27	
7	64	26	
7	64	25	
7	64	24	
7	64	23	
7	64	22	
7	64	21	
7	64	20	
7	64	19	
7	64	18	
7	64	17	
7	64	16	
7	64	15	
7	64	14	
7	64	13	
7	64	12	
7	64	11	
7	64	10	
7	64	9	
7	64	8	
7	64	7	
8	64	7	
8	63	7	
8	62	7	
8	61	7	
8	60	7	
8	59	7	
8	58	7	
8	57	7	
8	56	7	
8	55	7	
8	54	7	
8	53	7	
8	52	7	
8	51	7	
8	50	7	
8	49	7	
8	48	7	
8	47	7	
8	46	7	
8	45	7	
8	44	7	
8	43	7	
8	42	7	
8	41	7	
8	40	7	
8	39	7	
8	38	7	
8	37	7	
8	36	7	
8	35	7	
8	34	7	
8	33	7	
8	32	7	
8	31	7	
8	30	7	
8	29	7	
8	28	7	
8	27	7	
8	26	7	
8	25	7	
8	24	7	
8	23	7	
8	22	7	
8	21	7	
8	20	7	
8	19	7	
8	18	7	
8	17	7	
8	16	7	
8	15	7	
8	14	7	
8	13	7	
8	12	7	
8	11	7	
8	10	7	
8	9	7	
8	8	7	
8	7	7	
8	6	7	
8	5	7	
8	4	7	
8	3	7	
8	2	7	
8	1	7	
0
67	default	pin_out_67	pin_in_67
7	54	50	
7	54	49	
7	54	48	
7	54	47	
7	54	46	
7	54	45	
7	54	44	
7	54	43	
7	54	42	
7	54	41	
7	54	40	
8	54	40	
8	53	40	
8	52	40	
8	51	40	
8	50	40	
8	49	40	
8	48	40	
8	47	40	
8	46	40	
8	45	40	
8	44	40	
8	43	40	
8	42	40	
8	41	40	
8	40	40	
8	39	40	
8	38	40	
8	37	40	
8	36	40	
8	35	40	
8	34	40	
8	33	40	
8	32	40	
8	31	40	
8	30	40	
8	29	40	
8	28	40	
8	27	40	
8	26	40	
0
68	1w2s	pin_out_68	pin_in_68
9	18	36	
9	18	37	
9	18	38	
9	18	39	
9	18	40	
9	18	41	
9	18	42	
9	18	43	
9	18	44	
9	18	45	
9	18	46	
9	18	47	
9	18	48	
9	18	49	
9	18	50	
9	18	51	
9	18	52	
9	18	53	
9	18	54	
9	18	55	
9	18	56	
9	18	57	
9	18	58	
9	18	59	
9	18	60	
8	18	60	
8	19	60	
8	20	60	
8	21	60	
8	22	60	
8	23	60	
8	24	60	
8	25	60	
8	26	60	
8	27	60	
0
69	1w2s	pin_out_69	pin_in_69
8	8	67	
8	9	67	
8	10	67	
8	11	67	
8	12	67	
8	13	67	
8	14	67	
8	15	67	
8	16	67	
8	17	67	
8	18	67	
8	19	67	
8	20	67	
8	21	67	
8	22	67	
8	23	67	
8	24	67	
8	25	67	
8	26	67	
8	27	67	
8	28	67	
8	29	67	
8	30	67	
8	31	67	
8	32	67	
8	33	67	
8	34	67	
8	35	67	
9	35	67	
9	35	66	
9	35	65	
9	35	64	
9	35	63	
9	35	62	
9	35	61	
9	35	60	
9	35	59	
9	35	58	
9	35	57	
9	35	56	
9	35	55	
9	35	54	
9	35	53	
9	35	52	
9	35	51	
9	35	50	
9	35	49	
9	35	48	
9	35	47	
9	35	46	
9	35	45	
9	35	44	
9	35	43	
9	35	42	
9	35	41	
9	35	40	
9	35	39	
9	35	38	
9	35	37	
9	35	36	
9	35	35	
9	35	34	
9	35	33	
9	35	32	
9	35	31	
9	35	30	
9	35	29	
9	35	28	
9	35	27	
9	35	26	
9	35	25	
9	35	24	
9	35	23	
9	35	22	
9	35	21	
9	35	20	
9	35	19	
9	35	18	
9	35	17	
9	35	16	
9	35	15	
9	35	14	
9	35	13	
9	35	12	
9	35	11	
9	35	10	
0
70	1w2s_shield	pin_out_70	pin_in_70
11	69	25	
11	69	24	
11	69	23	
11	69	22	
11	69	21	
11	69	20	
10	69	20	
10	68	20	
10	67	20	
10	66	20	
10	65	20	
10	64	20	
10	63	20	
10	62	20	
10	61	20	
10	60	20	
10	59	20	
10	58	20	
10	57	20	
10	56	20	
10	55	20	
10	54	20	
10	53	20	
10	52	20	
10	51	20	
10	50	20	
10	49	20	
10	48	20	
10	47	20	
10	46	20	
10	45	20	
10	44	20	
10	43	20	
10	42	20	
10	41	20	
10	40	20	
10	39	20	
10	38	20	
10	37	20	
11	37	20	
0
71	1w2s	pin_out_71	pin_in_71
9	10	73	
9	10	72	
9	10	71	
9	10	70	
9	10	69	
9	10	68	
9	10	67	
9	10	66	
9	10	65	
9	10	64	
9	10	63	
9	10	62	
9	10	61	
9	10	60	
9	10	59	
9	10	58	
9	10	57	
9	10	56	
9	10	55	
9	10	54	
9	10	53	
9	10	52	
9	10	51	
9	10	50	
9	10	49	
9	10	48	
9	10	47	
9	10	46	
9	10	45	
9	10	44	
9	10	43	
9	10	42	
9	10	41	
9	10	40	
9	10	39	
9	10	38	
9	10	37	
9	10	36	
9	10	35	
9	10	34	
9	10	33	
9	10	32	
9	10	31	
9	10	30	
8	10	30	
8	11	30	
8	12	30	
8	13	30	
8	14	30	
8	15	30	
8	16	30	
8	17	30	
8	18	30	
8	19	30	
8	20	30	
8	21	30	
8	22	30	
8	23	30	
8	24	30	
8	25	30	
8	26	30	
8	27	30	
8	28	30	
8	29	30	
8	30	30	
8	31	30	
8	32	30	
8	33	30	
8	34	30	
8	35	30	
8	36	30	
8	37	30	
8	38	30	
8	39	30	
8	40	30	
8	41	30	
8	42	30	
8	43	30	
8	44	30	
8	45	30	
8	46	30	
8	47	30	
8	48	30	
8	49	30	
8	50	30	
8	51	30	
8	52	30	
8	53	30	
8	54	30	
8	55	30	
8	56	30	
8	57	30	
8	58	30	
8	59	30	
8	60	30	
9	60	30	
0
72	1w2s_shield	pin_out_72	pin_in_72
11	43	48	
11	43	49	
11	43	50	
11	43	51	
11	43	52	
11	43	53	
11	43	54	
11	43	55	
10	43	55	
10	42	55	
10	41	55	
10	40	55	
10	39	55	
10	38	55	
10	37	55	
10	36	55	
10	35	55	
10	34	55	
10	33	55	
10	32	55	
10	31	55	
10	30	55	
10	29	55	
10	28	55	
10	27	55	
10	26	55	
10	25	55	
10	24	55	
10	23	55	
10	22	55	
10	21	55	
10	20	55	
0
73	1w2s	pin_out_73	pin_in_73
8	68	73	
8	67	73	
8	66	73	
8	65	73	
8	64	73	
8	63	73	
8	62	73	
8	61	73	
8	60	73	
8	59	73	
8	58	73	
8	57	73	
8	56	73	
8	55	73	
8	54	73	
8	53	73	
8	52	73	
8	51	73	
8	50	73	
8	49	73	
8	48	73	
8	47	73	
8	46	73	
8	45	73	
8	44	73	
8	43	73	
8	42	73	
8	41	73	
8	40	73	
8	39	73	
8	38	73	
8	37	73	
8	36	73	
8	35	73	
9	35	73	
9	35	72	
9	35	71	
9	35	70	
9	35	69	
9	35	68	
9	35	67	
0
74	1w2s_shield	pin_out_74	pin_in_74
11	22	41	
11	22	40	
11	22	39	
11	22	38	
11	22	37	
11	22	36	
11	22	35	
11	22	34	
11	22	33	
11	22	32	
11	22	31	
11	22	30	
11	22	29	
11	22	28	
11	22	27	
11	22	26	
11	22	25	
11	22	24	
11	22	23	
11	22	22	
11	22	21	
11	22	20	
11	22	19	
11	22	18	
10	22	18	
10	23	18	
10	24	18	
10	25	18	
10	26	18	
10	27	18	
10	28	18	
10	29	18	
10	30	18	
10	31	18	
10	32	18	
10	33	18	
10	34	18	
10	35	18	
10	36	18	
10	37	18	
10	38	18	
10	39	18	
10	40	18	
10	41	18	
10	42	18	
10	43	18	
10	44	18	
10	45	18	
10	46	18	
10	47	18	
10	48	18	
10	49	18	
10	50	18	
10	51	18	
10	52	18	
10	53	18	
10	54	18	
10	55	18	
10	56	18	
10	57	18	
10	58	18	
10	59	18	
10	60	18	
10	61	18	
10	62	18	
10	63	18	
10	64	18	
10	65	18	
10	66	18	
10	67	18	
10	68	18	
10	69	18	
10	70	18	
10	71	18	
10	72	18	
10	73	18	
10	74	18	
10	75	18	
10	76	18	
10	77	18	
10	78	18	
10	79	18	
10	80	18	
10	81	18	
10	82	18	
10	83	18	
0
75	1w2s_shield	pin_out_75	pin_in_75
11	17	48	
11	17	49	
11	17	50	
11	17	51	
11	17	52	
11	17	53	
11	17	54	
11	17	55	
11	17	56	
11	17	57	
11	17	58	
11	17	59	
11	17	60	
11	17	61	
11	17	62	
11	17	63	
11	17	64	
11	17	65	
11	17	66	
11	17	67	
11	17	68	
11	17	69	
11	17	70	
11	17	71	
11	17	72	
11	17	73	
11	17	74	
11	17	75	
11	17	76	
11	17	77	
11	17	78	
11	17	79	
11	17	80	
11	17	81	
11	17	82	
11	17	83	
11	17	84	
11	17	85	
11	17	86	
11	17	87	
11	17	88	
11	17	89	
11	17	90	
11	17	91	
11	17	92	
11	17	93	
11	17	94	
11	17	95	
11	17	96	
10	17	96	
10	18	96	
10	19	96	
10	20	96	
10	21	96	
10	22	96	
10	23	96	
10	24	96	
10	25	96	
10	26	96	
10	27	96	
10	28	96	
10	29	96	
10	30	96	
10	31	96	
10	32	96	
10	33	96	
10	34	96	
10	35	96	
10	36	96	
10	37	96	
10	38	96	
10	39	96	
10	40	96	
10	41	96	
10	42	96	
10	43	96	
10	44	96	
10	45	96	
10	46	96	
10	47	96	
10	48	96	
10	49	96	
10	50	96	
10	51	96	
10	52	96	
10	53	96	
10	54	96	
10	55	96	
0
76	default	pin_out_76	pin_in_76
8	90	21	
8	89	21	
8	88	21	
8	87	21	
8	86	21	
8	85	21	
8	84	21	
8	83	21	
8	82	21	
8	81	21	
8	80	21	
8	79	21	
8	78	21	
8	77	21	
8	76	21	
8	75	21	
8	74	21	
8	73	21	
8	72	21	
8	71	21	
8	70	21	
8	69	21	
8	68	21	
8	67	21	
8	66	21	
8	65	21	
8	64	21	
8	63	21	
8	62	21	
8	61	21	
8	60	21	
8	59	21	
8	58	21	
8	57	21	
7	57	21	
7	57	20	
7	57	19	
7	57	18	
7	57	17	
7	57	16	
7	57	15	
8	57	15	
0
77	default	pin_out_77	pin_in_77
7	37	7	
7	37	8	
7	37	9	
7	37	10	
7	37	11	
7	37	12	
7	37	13	
7	37	14	
7	37	15	
7	37	16	
7	37	17	
7	37	18	
7	37	19	
7	37	20	
7	37	21	
7	37	22	
7	37	23	
7	37	24	
7	37	25	
7	37	26	
7	37	27	
7	37	28	
7	37	29	
7	37	30	
7	37	31	
7	37	32	
7	37	33	
7	37	34	
7	37	35	
7	37	36	
7	37	37	
7	37	38	
7	37	39	
7	37	40	
7	37	41	
7	37	42	
7	37	43	
7	37	44	
7	37	45	
7	37	46	
7	37	47	
6	37	47	
6	38	47	
6	39	47	
6	40	47	
6	41	47	
6	42	47	
6	43	47	
6	44	47	
6	45	47	
6	46	47	
6	47	47	
6	48	47	
6	49	47	
6	50	47	
6	51	47	
6	52	47	
6	53	47	
6	54	47	
6	55	47	
6	56	47	
6	57	47	
6	58	47	
6	59	47	
6	60	47	
6	61	47	
6	62	47	
6	63	47	
6	64	47	
6	65	47	
0
78	default	pin_out_78	pin_in_78
6	70	74	
6	69	74	
6	68	74	
7	68	74	
7	68	73	
7	68	72	
7	68	71	
7	68	70	
7	68	69	
7	68	68	
7	68	67	
7	68	66	
7	68	65	
7	68	64	
7	68	63	
7	68	62	
7	68	61	
7	68	60	
7	68	59	
7	68	58	
7	68	57	
7	68	56	
7	68	55	
7	68	54	
7	68	53	
7	68	52	
7	68	51	
8	68	51	
0
79	default	pin_out_79	pin_in_79
7	80	52	
7	80	51	
7	80	50	
7	80	49	
6	80	49	
6	81	49	
6	82	49	
6	83	49	
7	83	49	
0
80	default	pin_out_80	pin_in_80
8	17	17	
8	18	17	
8	19	17	
8	20	17	
8	21	17	
8	22	17	
8	23	17	
8	24	17	
8	25	17	
8	26	17	
8	27	17	
8	28	17	
8	29	17	
8	30	17	
8	31	17	
8	32	17	
8	33	17	
8	34	17	
8	35	17	
8	36	17	
8	37	17	
8	38	17	
8	39	17	
8	40	17	
8	41	17	
8	42	17	
8	43	17	
8	44	17	
8	45	17	
8	46	17	
8	47	17	
8	48	17	
8	49	17	
8	50	17	
8	51	17	
8	52	17	
8	53	17	
8	54	17	
8	55	17	
8	56	17	
8	57	17	
8	58	17	
8	59	17	
8	60	17	
8	61	17	
8	62	17	
9	62	17	
9	62	18	
9	62	19	
9	62	20	
9	62	21	
9	62	22	
9	62	23	
9	62	24	
9	62	25	
9	62	26	
9	62	27	
0
81	1w2s	pin_out_81	pin_in_81
9	21	17	
9	21	16	
9	21	15	
9	21	14	
8	21	14	
8	22	14	
8	23	14	
8	24	14	
8	25	14	
8	26	14	
9	26	14	
0
82	1w2s	pin_out_82	pin_in_82
9	28	55	
9	28	54	
9	28	53	
9	28	52	
9	28	51	
9	28	50	
9	28	49	
9	28	48	
9	28	47	
9	28	46	
9	28	45	
9	28	44	
9	28	43	
9	28	42	
9	28	41	
9	28	40	
9	28	39	
9	28	38	
9	28	37	
9	28	36	
9	28	35	
9	28	34	
9	28	33	
9	28	32	
9	28	31	
9	28	30	
9	28	29	
9	28	28	
9	28	27	
9	28	26	
9	28	25	
9	28	24	
9	28	23	
9	28	22	
9	28	21	
9	28	20	
9	28	19	
9	28	18	
9	28	17	
9	28	16	
9	28	15	
9	28	14	
9	28	13	
9	28	12	
9	28	11	
9	28	10	
9	28	9	
9	28	8	
8	28	8	
8	29	8	
8	30	8	
8	31	8	
8	32	8	
8	33	8	
8	34	8	
8	35	8	
8	36	8	
8	37	8	
8	38	8	
8	39	8	
8	40	8	
8	41	8	
8	42	8	
8	43	8	
8	44	8	
8	45	8	
8	46	8	
8	47	8	
8	48	8	
8	49	8	
8	50	8	
8	51	8	
8	52	8	
8	53	8	
8	54	8	
8	55	8	
8	56	8	
8	57	8	
8	58	8	
8	59	8	
8	60	8	
8	61	8	
8	62	8	
8	63	8	
8	64	8	
8	65	8	
8	66	8	
8	67	8	
8	68	8	
8	69	8	
8	70	8	
8	71	8	
8	72	8	
8	73	8	
8	74	8	
8	75	8	
8	76	8	
8	77	8	
8	78	8	
8	79	8	
8	80	8	
8	81	8	
8	82	8	
8	83	8	
8	84	8	
0
83	1w2s_shield	pin_out_83	pin_in_83
11	20	7	
11	20	8	
11	20	9	
11	20	10	
11	20	11	
11	20	12	
11	20	13	
11	20	14	
11	20	15	
11	20	16	
11	20	17	
11	20	18	
11	20	19	
11	20	20	
11	20	21	
11	20	22	
11	20	23	
11	20	24	
11	20	25	
11	20	26	
11	20	27	
11	20	28	
11	20	29	
11	20	30	
11	20	31	
11	20	32	
11	20	33	
11	20	34	
11	20	35	
11	20	36	
11	20	37	
11	20	38	
11	20	39	
11	20	40	
11	20	41	
11	20	42	
11	20	43	
11	20	44	
11	20	45	
11	20	46	
11	20	47	
11	20	48	
11	20	49	
10	20	49	
10	19	49	
10	18	49	
10	17	49	
11	17	49	
0
84	default	pin_out_84	pin_in_84
8	27	77	
8	28	77	
8	29	77	
8	30	77	
8	31	77	
8	32	77	
8	33	77	
8	34	77	
8	35	77	
8	36	77	
8	37	77	
8	38	77	
8	39	77	
8	40	77	
8	41	77	
8	42	77	
8	43	77	
8	44	77	
8	45	77	
8	46	77	
8	47	77	
7	47	77	
7	47	76	
7	47	75	
7	47	74	
7	47	73	
7	47	72	
7	47	71	
7	47	70	
7	47	69	
7	47	68	
7	47	67	
7	47	66	
7	47	65	
7	47	64	
7	47	63	
8	47	63	
0
85	default	pin_out_85	pin_in_85
7	84	8	
7	84	9	
7	84	10	
7	84	11	
7	84	12	
7	84	13	
7	84	14	
7	84	15	
7	84	16	
7	84	17	
7	84	18	
7	84	19	
7	84	20	
7	84	21	
7	84	22	
7	84	23	
7	84	24	
7	84	25	
7	84	26	
7	84	27	
7	84	28	
7	84	29	
7	84	30	
7	84	31	
7	84	32	
7	84	33	
7	84	34	
7	84	35	
7	84	36	
7	84	37	
7	84	38	
7	84	39	
7	84	40	
7	84	41	
7	84	42	
7	84	43	
7	84	44	
7	84	45	
7	84	46	
7	84	47	
7	84	48	
7	84	49	
7	84	50	
7	84	51	
7	84	52	
7	84	53	
7	84	54	
7	84	55	
7	84	56	
7	84	57	
7	84	58	
7	84	59	
7	84	60	
7	84	61	
7	84	62	
7	84	63	
7	84	64	
7	84	65	
7	84	66	
7	84	67	
7	84	68	
7	84	69	
7	84	70	
7	84	71	
7	84	72	
6	84	72	
6	83	72	
6	82	72	
6	81	72	
6	80	72	
6	79	72	
6	78	72	
6	77	72	
6	76	72	
6	75	72	
6	74	72	
6	73	72	
6	72	72	
6	71	72	
7	71	72	
0
86	default	pin_out_86	pin_in_86
9	19	68	
9	19	67	
9	19	66	
9	19	65	
9	19	64	
9	19	63	
9	19	62	
9	19	61	
9	19	60	
9	19	59	
9	19	58	
9	19	57	
9	19	56	
9	19	55	
9	19	54	
9	19	53	
9	19	52	
9	19	51	
9	19	50	
9	19	49	
9	19	48	
9	19	47	
9	19	46	
9	19	45	
9	19	44	
9	19	43	
9	19	42	
9	19	41	
9	19	40	
9	19	39	
9	19	38	
9	19	37	
9	19	36	
9	19	35	
9	19	34	
9	19	33	
9	19	32	
9	19	31	
9	19	30	
9	19	29	
9	19	28	
9	19	27	
9	19	26	
9	19	25	
9	19	24	
9	19	23	
9	19	22	
9	19	21	
9	19	20	
9	19	19	
9	19	18	
9	19	17	
8	19	17	
8	20	17	
8	21	17	
8	22	17	
8	23	17	
8	24	17	
8	25	17	
8	26	17	
8	27	17	
8	28	17	
8	29	17	
8	30	17	
0
87	default	pin_out_87	pin_in_87
8	84	74	
8	85	74	
8	86	74	
8	87	74	
8	88	74	
8	89	74	
7	89	74	
7	89	75	
7	89	76	
7	89	77	
7	89	78	
7	89	79	
7	89	80	
7	89	81	
7	89	82	
7	89	83	
7	89	84	
7	89	85	
7	89	86	
7	89	87	
7	89	88	
7	89	89	
0
88	1w2s_shield	pin_out_88	pin_in_88
11	42	82	
11	42	81	
11	42	80	
11	42	79	
11	42	78	
11	42	77	
11	42	76	
11	42	75	
11	42	74	
11	42	73	
11	42	72	
11	42	71	
11	42	70	
11	42	69	
11	42	68	
11	42	67	
11	42	66	
11	42	65	
11	42	64	
11	42	63	
11	42	62	
11	42	61	
11	42	60	
11	42	59	
11	42	58	
11	42	57	
11	42	56	
11	42	55	
11	42	54	
11	42	53	
11	42	52	
11	42	51	
11	42	50	
11	42	49	
11	42	48	
11	42	47	
11	42	46	
11	42	45	
11	42	44	
11	42	43	
11	42	42	
11	42	41	
10	42	41	
10	43	41	
10	44	41	
10	45	41	
10	46	41	
10	47	41	
10	48	41	
10	49	41	
10	50	41	
10	51	41	
10	52	41	
10	53	41	
10	54	41	
10	55	41	
10	56	41	
10	57	41	
10	58	41	
10	59	41	
10	60	41	
10	61	41	
10	62	41	
10	63	41	
11	63	41	
0
89	default	pin_out_89	pin_in_89
6	30	15	
6	31	15	
6	32	15	
6	33	15	
6	34	15	
6	35	15	
6	36	15	
6	37	15	
6	38	15	
6	39	15	
6	40	15	
6	41	15	
6	42	15	
6	43	15	
6	44	15	
6	45	15	
6	46	15	
6	47	15	
6	48	15	
6	49	15	
6	50	15	
6	51	15	
6	52	15	
6	53	15	
6	54	15	
6	55	15	
6	56	15	
6	57	15	
6	58	15	
6	59	15	
6	60	15	
6	61	15	
6	62	15	
6	63	15	
6	64	15	
6	65	15	
6	66	15	
6	67	15	
6	68	15	
6	69	15	
6	70	15	
6	71	15	
6	72	15	
6	73	15	
6	74	15	
6	75	15	
6	76	15	
6	77	15	
6	78	15	
6	79	15	
6	80	15	
6	81	15	
6	82	15	
6	83	15	
7	83	15	
7	83	16	
7	83	17	
7	83	18	
7	83	19	
7	83	20	
7	83	21	
7	83	22	
7	83	23	
7	83	24	
7	83	25	
7	83	26	
7	83	27	
7	83	28	
7	83	29	
7	83	30	
7	83	31	
7	83	32	
7	83	33	
7	83	34	
7	83	35	
7	83	36	
7	83	37	
7	83	38	
7	83	39	
7	83	40	
7	83	41	
7	83	42	
7	83	43	
7	83	44	
7	83	45	
7	83	46	
7	83	47	
7	83	48	
7	83	49	
7	83	50	
7	83	51	
7	83	52	
7	83	53	
7	83	54	
7	83	55	
7	83	56	
7	83	57	
7	83	58	
7	83	59	
7	83	60	
7	83	61	
7	83	62	
7	83	63	
7	83	64	
7	83	65	
7	83	66	
7	83	67	
7	83	68	
7	83	69	
7	83	70	
7	83	71	
7	83	72	
7	83	73	
7	83	74	
7	83	75	
7	83	76	
7	83	77	
7	83	78	
7	83	79	
7	83	80	
7	83	81	
7	83	82	
7	83	83	
7	83	84	
7	83	85	
7	83	86	
7	83	87	
7	83	88	
7	83	89	
7	83	90	
7	83	91	
7	83	92	
7	83	93	
7	83	94	
7	83	95	
7	83	96	
7	83	97	
8	83	97	
0
90	default	pin_out_90	pin_in_90
9	7	53	
9	7	52	
9	7	51	
9	7	50	
9	7	49	
9	7	48	
9	7	47	
9	7	46	
9	7	45	
9	7	44	
9	7	43	
9	7	42	
9	7	41	
9	7	40	
9	7	39	
9	7	38	
9	7	37	
9	7	36	
9	7	35	
9	7	34	
9	7	33	
9	7	32	
8	7	32	
8	6	32	
8	5	32	
8	4	32	
8	3	32	
8	2	32	
8	1	32	
8	0	32	
9	0	32	
0
91	1w2s	pin_out_91	pin_in_91
9	48	4	
9	48	5	
9	48	6	
9	48	7	
9	48	8	
9	48	9	
9	48	10	
9	48	11	
9	48	12	
9	48	13	
9	48	14	
9	48	15	
9	48	16	
9	48	17	
9	48	18	
9	48	19	
9	48	20	
9	48	21	
9	48	22	
9	48	23	
9	48	24	
9	48	25	
9	48	26	
9	48	27	
9	48	28	
9	48	29	
9	48	30	
9	48	31	
9	48	32	
9	48	33	
9	48	34	
9	48	35	
9	48	36	
9	48	37	
9	48	38	
8	48	38	
8	47	38	
8	46	38	
8	45	38	
8	44	38	
8	43	38	
8	42	38	
8	41	38	
8	40	38	
8	39	38	
8	38	38	
8	37	38	
8	36	38	
8	35	38	
8	34	38	
8	33	38	
8	32	38	
8	31	38	
8	30	38	
8	29	38	
8	28	38	
8	27	38	
8	26	38	
8	25	38	
8	24	38	
8	23	38	
8	22	38	
8	21	38	
8	20	38	
8	19	38	
8	18	38	
8	17	38	
8	16	38	
8	15	38	
8	14	38	
9	14	38	
0
92	1w2s	pin_out_92	pin_in_92
9	49	31	
9	49	32	
9	49	33	
9	49	34	
9	49	35	
9	49	36	
9	49	37	
9	49	38	
9	49	39	
9	49	40	
9	49	41	
9	49	42	
9	49	43	
9	49	44	
9	49	45	
9	49	46	
9	49	47	
9	49	48	
9	49	49	
9	49	50	
9	49	51	
9	49	52	
9	49	53	
9	49	54	
9	49	55	
9	49	56	
9	49	57	
9	49	58	
9	49	59	
9	49	60	
9	49	61	
9	49	62	
9	49	63	
9	49	64	
9	49	65	
9	49	66	
9	49	67	
9	49	68	
9	49	69	
9	49	70	
9	49	71	
9	49	72	
9	49	73	
9	49	74	
9	49	75	
9	49	76	
9	49	77	
9	49	78	
9	49	79	
9	49	80	
9	49	81	
9	49	82	
9	49	83	
8	49	83	
8	48	83	
8	47	83	
8	46	83	
8	45	83	
8	44	83	
8	43	83	
8	42	83	
8	41	83	
8	40	83	
8	39	83	
8	38	83	
8	37	83	
8	36	83	
8	35	83	
8	34	83	
8	33	83	
8	32	83	
8	31	83	
8	30	83	
9	30	83	
0
93	1w2s	pin_out_93	pin_in_93
9	0	25	
9	0	24	
9	0	23	
9	0	22	
9	0	21	
9	0	20	
9	0	19	
9	0	18	
9	0	17	
9	0	16	
9	0	15	
9	0	14	
9	0	13	
9	0	12	
9	0	11	
8	0	11	
8	1	11	
8	2	11	
8	3	11	
8	4	11	
8	5	11	
8	6	11	
8	7	11	
8	8	11	
8	9	11	
8	10	11	
8	11	11	
8	12	11	
8	13	11	
8	14	11	
8	15	11	
8	16	11	
8	17	11	
8	18	11	
8	19	11	
8	20	11	
8	21	11	
8	22	11	
8	23	11	
8	24	11	
8	25	11	
8	26	11	
8	27	11	
8	28	11	
8	29	11	
8	30	11	
8	31	11	
8	32	11	
8	33	11	
8	34	11	
8	35	11	
8	36	11	
8	37	11	
8	38	11	
8	39	11	
8	40	11	
8	41	11	
8	42	11	
8	43	11	
8	44	11	
8	45	11	
8	46	11	
8	47	11	
8	48	11	
8	49	11	
9	49	11	
0
94	default	pin_out_94	pin_in_94
6	14	90	
7	14	90	
7	14	89	
7	14	88	
7	14	87	
7	14	86	
7	14	85	
7	14	84	
7	14	83	
7	14	82	
7	14	81	
7	14	80	
7	14	79	
7	14	78	
7	14	77	
7	14	76	
7	14	75	
7	14	74	
7	14	73	
7	14	72	
7	14	71	
7	14	70	
7	14	69	
7	14	68	
7	14	67	
7	14	66	
7	14	65	
7	14	64	
7	14	63	
7	14	62	
7	14	61	
7	14	60	
7	14	59	
7	14	58	
7	14	57	
7	14	56	
7	14	55	
7	14	54	
7	14	53	
7	14	52	
7	14	51	
7	14	50	
7	14	49	
7	14	48	
7	14	47	
7	14	46	
7	14	45	
7	14	44	
7	14	43	
7	14	42	
7	14	41	
7	14	40	
7	14	39	
7	14	38	
7	14	37	
7	14	36	
7	14	35	
7	14	34	
7	14	33	
7	14	32	
7	14	31	
7	14	30	
7	14	29	
7	14	28	
7	14	27	
7	14	26	
7	14	25	
7	14	24	
7	14	23	
7	14	22	
7	14	21	
7	14	20	
7	14	19	
7	14	18	
7	14	17	
7	14	16	
7	14	15	
7	14	14	
6	14	14	
6	15	14	
6	16	14	
6	17	14	
6	18	14	
6	19	14	
6	20	14	
6	21	14	
6	22	14	
6	23	14	
6	24	14	
6	25	14	
6	26	14	
6	27	14	
6	28	14	
6	29	14	
6	30	14	
6	31	14	
6	32	14	
6	33	14	
6	34	14	
6	35	14	
6	36	14	
0
95	default	pin_out_95	pin_in_95
9	58	50	
9	58	49	
9	58	48	
9	58	47	
9	58	46	
9	58	45	
9	58	44	
9	58	43	
9	58	42	
9	58	41	
9	58	40	
9	58	39	
9	58	38	
9	58	37	
9	58	36	
9	58	35	
9	58	34	
9	58	33	
9	58	32	
9	58	31	
9	58	30	
9	58	29	
9	58	28	
9	58	27	
9	58	26	
9	58	25	
9	58	24	
9	58	23	
9	58	22	
9	58	21	
9	58	20	
9	58	19	
9	58	18	
9	58	17	
8	58	17	
8	59	17	
8	60	17	
8	61	17	
8	62	17	
8	63	17	
8	64	17	
8	65	17	
8	66	17	
8	67	17	
8	68	17	
8	69	17	
8	70	17	
8	71	17	
8	72	17	
8	73	17	
8	74	17	
0
96	default	pin_out_96	pin_in_96
6	61	29	
6	60	29	
6	59	29	
7	59	29	
7	59	30	
7	59	31	
7	59	32	
7	59	33	
7	59	34	
7	59	35	
7	59	36	
7	59	37	
7	59	38	
7	59	39	
7	59	40	
7	59	41	
7	59	42	
7	59	43	
7	59	44	
7	59	45	
7	59	46	
7	59	47	
7	59	48	
7	59	49	
7	59	50	
7	59	51	
7	59	52	
7	59	53	
7	59	54	
7	59	55	
7	59	56	
7	59	57	
7	59	58	
7	59	59	
7	59	60	
7	59	61	
7	59	62	
7	59	63	
7	59	64	
7	59	65	
7	59	66	
7	59	67	
7	59	68	
7	59	69	
7	59	70	
7	59	71	
7	59	72	
7	59	73	
7	59	74	
7	59	75	
7	59	76	
8	59	76	
0
97	default	pin_out_97	pin_in_97
6	62	59	
6	61	59	
6	60	59	
6	59	59	
6	58	59	
6	57	59	
6	56	59	
6	55	59	
6	54	59	
6	53	59	
6	52	59	
6	51	59	
6	50	59	
6	49	59	
6	48	59	
6	47	59	
6	46	59	
6	45	59	
6	44	59	
6	43	59	
6	42	59	
6	41	59	
6	40	59	
6	39	59	
6	38	59	
6	37	59	
6	36	59	
6	35	59	
7	35	59	
7	35	60	
7	35	61	
7	35	62	
7	35	63	
7	35	64	
7	35	65	
7	35	66	
7	35	67	
7	35	68	
7	35	69	
7	35	70	
7	35	71	
7	35	72	
7	35	73	
7	35	74	
7	35	75	
7	35	76	
7	35	77	
7	35	78	
7	35	79	
7	35	80	
7	35	81	
7	35	82	
8	35	82	
0
98	default	pin_out_98	pin_in_98
7	52	51	
7	52	52	
7	52	53	
7	52	54	
7	52	55	
7	52	56	
7	52	57	
7	52	58	
7	52	59	
7	52	60	
7	52	61	
7	52	62	
7	52	63	
7	52	64	
7	52	65	
7	52	66	
7	52	67	
7	52	68	
7	52	69	
7	52	70	
7	52	71	
7	52	72	
7	52	73	
7	52	74	
7	52	75	
7	52	76	
7	52	77	
7	52	78	
7	52	79	
7	52	80	
8	52	80	
8	51	80	
8	50	80	
8	49	80	
8	48	80	
8	47	80	
0
99	1w2s_shield	pin_out_99	pin_in_99
11	74	42	
11	74	41	
11	74	40	
11	74	39	
11	74	38	
11	74	37	
11	74	36	
11	74	35	
11	74	34	
11	74	33	
11	74	32	
11	74	31	
11	74	30	
11	74	29	
11	74	28	
11	74	27	
11	74	26	
11	74	25	
10	74	25	
10	73	25	
10	72	25	
10	71	25	
10	70	25	
10	69	25	
10	68	25	
10	67	25	
10	66	25	
10	65	25	
10	64	25	
10	63	25	
10	62	25	
10	61	25	
10	60	25	
10	59	25	
10	58	25	
10	57	25	
10	56	25	
10	55	25	
10	54	25	
10	53	25	
10	52	25	
10	51	25	
10	50	25	
10	49	25	
10	48	25	
10	47	25	
10	46	25	
10	45	25	
10	44	25	
10	43	25	
10	42	25	
10	41	25	
10	40	25	
10	39	25	
10	38	25	
10	37	25	
10	36	25	
10	35	25	
10	34	25	
10	33	25	
10	32	25	
10	31	25	
10	30	25	
10	29	25	
10	28	25	
10	27	25	
10	26	25	
10	25	25	
10	24	25	
10	23	25	
10	22	25	
10	21	25	
10	20	25	
10	19	25	
10	18	25	
10	17	25	
10	16	25	
10	15	25	
10	14	25	
10	13	25	
11	13	25	
0
100	default	pin_out_100	pin_in_100
6	25	37	
6	26	37	
6	27	37	
6	28	37	
6	29	37	
6	30	37	
6	31	37	
6	32	37	
6	33	37	
6	34	37	
6	35	37	
6	36	37	
6	37	37	
6	38	37	
6	39	37	
6	40	37	
6	41	37	
6	42	37	
6	43	37	
6	44	37	
6	45	37	
6	46	37	
6	47	37	
6	48	37	
6	49	37	
6	50	37	
6	51	37	
6	52	37	
6	53	37	
6	54	37	
6	55	37	
6	56	37	
6	57	37	
6	58	37	
6	59	37	
6	60	37	
6	61	37	
6	62	37	
6	63	37	
6	64	37	
6	65	37	
6	66	37	
6	67	37	
6	68	37	
6	69	37	
6	70	37	
6	71	37	
6	72	37	
6	73	37	
6	74	37	
6	75	37	
6	76	37	
6	77	37	
6	78	37	
6	79	37	
6	80	37	
6	81	37	
6	82	37	
6	83	37	
6	84	37	
6	85	37	
6	86	37	
6	87	37	
6	88	37	
6	89	37	
6	90	37	
6	91	37	
7	91	37	
7	91	38	
7	91	39	
7	91	40	
7	91	41	
7	91	42	
7	91	43	
7	91	44	
7	91	45	
7	91	46	
7	91	47	
7	91	48	
7	91	49	
7	91	50	
7	91	51	
7	91	52	
7	91	53	
7	91	54	
7	91	55	
7	91	56	
7	91	57	
7	91	58	
7	91	59	
7	91	60	
7	91	61	
7	91	62	
7	91	63	
7	91	64	
7	91	65	
7	91	66	
7	91	67	
7	91	68	
7	91	69	
7	91	70	
7	91	71	
7	91	72	
7	91	73	
7	91	74	
7	91	75	
7	91	76	
7	91	77	
7	91	78	
7	91	79	
7	91	80	
7	91	81	
7	91	82	
7	91	83	
7	91	84	
7	91	85	
0
